0.000000,0.177930 
0.000000,0.174012 
0.000000,-0.000000 
0.000000,0.441287 
0.000000,0.174012 
0.000000,-0.000000 
0.000000,0.441287 
0.000000,0.174012 
0.000000,-0.000000 
0.000000,0.441287 
0.000000,0.174012 
0.000000,-0.000000 
0.000000,0.441287 
0.000000,0.174012 
0.000000,-0.000000 
0.000000,0.441287 
0.000000,0.174012 
0.000000,-0.000000 
0.000000,0.441287 
0.000000,0.174012 
0.000000,-0.000000 
0.000000,0.441287 
0.000000,0.174012 
0.000000,0.000000 
0.000000,0.441287 
0.000000,0.174012 
0.000000,0.000000 
0.000000,0.441287 
0.000000,0.174012 
0.000000,0.000000 
0.000000,0.441287 
0.000000,0.174012 
0.000000,0.000000 
0.000000,0.441287 
0.000000,0.174012 
0.000000,0.000000 
0.000000,0.441287 
0.000000,0.174012 
0.000000,0.000000 
0.000000,0.441287 
0.000000,0.174012 
0.000000,-0.000000 
0.000000,0.441287 
0.000000,0.174012 
0.000000,-0.000000 
0.000000,0.441287 
0.000000,0.174012 
0.000000,-0.000000 
0.000000,0.441287 
0.000000,0.174012 
0.000000,-0.000000 
0.000000,0.441287 
0.000000,0.174012 
0.000000,-0.000000 
0.000000,0.441287 
0.000000,0.174012 
0.000000,-0.000000 
0.000000,0.441287 
0.000000,0.174012 
0.000000,-0.000000 
0.000000,0.441287 
0.000000,0.174012 
0.000000,-0.000000 
0.000000,0.441287 
0.000000,0.174012 
0.000000,-0.000000 
0.000000,0.441287 
0.000000,0.174012 
0.000000,-0.000000 
0.000000,0.441287 
0.000000,0.174012 
0.000000,-0.000000 
0.000000,0.441287 
0.000000,0.174012 
0.000000,-0.000000 
0.000000,0.441287 
0.000000,0.174012 
0.000000,-0.000000 
0.000000,0.441287 
0.000000,0.174012 
0.000000,-0.000000 
0.000000,0.441287 
0.000000,0.174012 
0.000000,-0.000000 
0.000000,0.441287 
0.000000,0.174012 
0.000000,-0.000000 
0.000000,0.441287 
0.000000,0.174012 
0.000000,-0.000000 
0.000000,0.441287 
0.000000,0.174012 
0.000000,-0.000000 
0.000000,0.441287 
0.000000,0.174012 
0.000000,-0.000000 
0.000000,0.441287 
0.000000,0.174012 
0.000000,-0.000000 
0.000000,0.441287 
0.000000,0.174012 
0.000000,-0.000000 
0.000000,0.441287 
0.000000,0.174012 
0.000000,-0.000000 
0.000000,0.441287 
0.000000,0.174012 
0.000000,-0.000000 
0.000000,0.441287 
0.000000,0.174012 
0.000000,-0.000000 
0.000000,0.441287 
0.000000,0.174012 
0.000000,-0.000000 
0.000000,0.441287 
0.000000,0.174012 
0.000000,-0.000000 
0.000000,0.441287 
0.000000,0.174012 
0.000000,-0.000000 
0.000000,0.441287 
0.000000,0.174012 
0.000000,-0.000000 
0.000000,0.441287 
0.000000,0.174012 
0.000000,-0.000000 
0.000000,0.441287 
0.000000,0.174012 
0.000000,-0.000000 
0.000000,0.441287 
0.000000,0.174012 
0.000000,-0.000000 
0.000000,0.441287 
0.000000,0.174012 
0.000000,-0.000000 
0.000000,0.441287 
0.000000,0.174012 
0.000000,-0.000000 
0.000000,0.441287 
0.000000,0.174012 
0.000000,-0.000000 
0.000000,0.441287 
0.000000,0.174012 
0.000000,-0.000000 
0.000000,0.441287 
0.000000,0.174012 
0.000000,-0.000000 
0.000000,0.441287 
0.000000,0.174012 
0.000000,-0.000000 
0.000000,0.441287 
0.000000,0.174012 
0.000000,-0.000000 
0.000000,0.441287 
0.000000,0.174012 
0.000000,-0.000000 
0.000000,0.441287 
0.000000,0.174012 
0.000000,0.000000 
0.000000,0.441287 
0.000000,0.174012 
0.000000,0.000000 
0.000000,0.441287 
0.000000,0.174012 
0.000000,0.000000 
0.000000,0.441287 
0.000000,0.174012 
0.000000,-0.000000 
0.000000,0.441287 
0.000000,0.174012 
0.000000,-0.000000 
0.000000,0.441287 
0.000000,0.174012 
0.000000,-0.000000 
0.000000,0.441287 
0.000000,0.174012 
0.000000,-0.000000 
0.000000,0.441287 
0.000000,0.174012 
0.000000,-0.000000 
0.000000,0.441287 
0.000000,0.174012 
0.000000,-0.000000 
0.000000,0.441287 
0.000000,0.174012 
0.000000,-0.000000 
0.000000,0.441287 
0.000000,0.174012 
0.000000,-0.000000 
0.000000,0.441287 
0.000000,0.174012 
0.000000,-0.000000 
0.000000,0.441287 
0.000000,0.174012 
0.000000,-0.000000 
0.000000,0.441287 
0.000000,0.174012 
0.000000,-0.000000 
0.000000,0.441287 
0.000000,0.174012 
0.000000,-0.000000 
0.000000,0.441287 
1.008380,0.235626 
0.516761,0.185361 
1.008380,0.467635 
1.008380,0.235626 
0.516761,0.185361 
1.008380,0.467635 
1.008380,0.235626 
0.516761,0.185361 
1.008380,0.467635 
1.008380,0.235626 
0.516761,0.185361 
1.008380,0.467635 
1.008380,0.235626 
0.516761,0.185361 
1.008380,0.467635 
1.008380,0.235626 
0.516761,0.185361 
1.008380,0.467635 
1.008380,0.235626 
0.516761,0.185361 
1.008380,0.467635 
1.008380,0.235626 
0.516761,0.185361 
1.008380,0.467635 
1.008380,0.235626 
0.516761,0.185361 
1.008380,0.467635 
1.008380,0.235626 
0.516761,0.185361 
1.008380,0.467635 
1.008380,0.235625 
0.516761,0.185361 
1.008380,0.467635 
1.008380,0.235626 
0.516761,0.185361 
1.008380,0.467635 
1.008380,0.235626 
0.516761,0.185361 
1.008380,0.467635 
1.008380,0.235626 
0.516761,0.185361 
1.008380,0.467635 
1.008380,0.235626 
0.516761,0.185361 
1.008380,0.467635 
1.008380,0.235626 
0.516761,0.185361 
1.008380,0.467635 
1.008380,0.235626 
0.516761,0.185361 
1.008380,0.467635 
1.008380,0.235626 
0.516761,0.185361 
1.008380,0.467635 
1.008380,0.235626 
0.516761,0.185361 
1.008380,0.467635 
1.008380,0.235626 
0.516761,0.185361 
1.008380,0.467635 
1.008380,0.235626 
0.516761,0.185361 
1.008380,0.467635 
1.008380,0.235626 
0.516761,0.185361 
1.008380,0.467635 
1.008380,0.235626 
0.516761,0.185361 
1.008380,0.467635 
1.008380,0.235626 
0.516761,0.185361 
1.008380,0.467635 
1.008380,0.235626 
0.516761,0.185361 
1.008380,0.467635 
1.008380,0.235626 
0.516761,0.185361 
1.008380,0.467635 
1.008380,0.235626 
0.516761,0.185361 
1.008380,0.467635 
1.008380,0.235626 
0.516761,0.185361 
1.008380,0.467635 
1.008380,0.235626 
0.516761,0.185361 
1.008380,0.467635 
1.008380,0.235626 
0.516761,0.185361 
1.008380,0.467635 
1.008380,0.235626 
0.516761,0.185361 
1.008380,0.467635 
1.008380,0.235626 
0.516761,0.185361 
1.008380,0.467635 
1.008380,0.235626 
0.516761,0.185361 
1.008380,0.467635 
1.008380,0.235626 
0.516761,0.185361 
1.008380,0.467635 
1.008380,0.235626 
0.516761,0.185361 
1.008380,0.467635 
1.008380,0.235626 
0.516761,0.185361 
1.008380,0.467635 
1.008380,0.235626 
0.516761,0.185361 
1.008380,0.467635 
1.008380,0.235626 
0.516761,0.185361 
1.008380,0.467635 
1.008380,0.235626 
0.516761,0.185361 
1.008380,0.467635 
1.008380,0.235626 
0.516761,0.185361 
1.008380,0.467635 
1.008380,0.235626 
0.516761,0.185361 
1.008380,0.467635 
1.008380,0.235626 
0.516761,0.185361 
1.008380,0.467635 
1.008380,0.235626 
0.516761,0.185361 
1.008380,0.467635 
1.008380,0.235626 
0.516761,0.185361 
1.008380,0.467635 
1.008380,0.235626 
0.516761,0.185361 
1.008380,0.467635 
1.008380,0.235626 
0.516761,0.185361 
1.008380,0.467635 
1.008380,0.235626 
0.516761,0.185361 
1.008380,0.467635 
1.008380,0.235626 
0.516761,0.185361 
1.008380,0.467635 
1.008380,0.235626 
0.516761,0.185361 
1.008380,0.467635 
1.008380,0.235626 
0.516761,0.185361 
1.008380,0.467635 
1.008380,0.235626 
0.516761,0.185361 
1.008380,0.467635 
1.008380,0.235626 
0.516761,0.185361 
1.008380,0.467635 
1.008380,0.235626 
0.516761,0.185361 
1.008380,0.467635 
1.008380,0.235626 
0.516761,0.185361 
1.008380,0.467635 
1.008380,0.235626 
0.516761,0.185361 
1.008380,0.467635 
1.008380,0.235626 
0.516761,0.185361 
1.008380,0.467635 
1.008380,0.235626 
0.516761,0.185361 
1.008380,0.467635 
1.008380,0.235626 
0.516761,0.185361 
1.008380,0.467635 
1.008380,0.235626 
0.516761,0.185361 
1.008380,0.467635 
1.008380,0.235626 
0.516761,0.185361 
1.008380,0.467635 
1.008380,0.235626 
0.516761,0.185361 
1.008380,0.467635 
1.008380,0.235626 
0.516761,0.185361 
1.008380,0.467635 
1.008380,0.235626 
0.516761,0.185361 
1.008380,0.467635 
1.008380,0.235626 
0.516761,0.185361 
1.008380,0.467635 
1.008380,0.235626 
0.516761,0.185361 
1.008380,0.467635 
1.008380,0.235626 
0.516761,0.185361 
1.008380,0.467635 
1.008380,0.235626 
0.516761,0.185361 
1.008380,0.467635 
1.013909,0.232263 
0.520136,0.188737 
1.019645,0.441972 
1.011145,0.233869 
0.518448,0.187126 
1.014013,0.454879 
1.011145,0.233869 
0.518448,0.187126 
1.014013,0.454879 
1.011145,0.233869 
0.518448,0.187126 
1.014013,0.454879 
1.011145,0.233869 
0.518448,0.187126 
1.014013,0.454879 
1.011145,0.233869 
0.518448,0.187126 
1.014013,0.454879 
1.011145,0.233869 
0.518448,0.187126 
1.014013,0.454879 
1.011145,0.233869 
0.518448,0.187126 
1.014013,0.454879 
1.011145,0.233869 
0.518448,0.187126 
1.014013,0.454879 
1.011145,0.233869 
0.518448,0.187126 
1.014013,0.454879 
1.011145,0.233869 
0.518448,0.187126 
1.014013,0.454879 
1.011145,0.233869 
0.518448,0.187126 
1.014013,0.454879 
1.011145,0.233869 
0.518448,0.187126 
1.014013,0.454879 
1.011145,0.233869 
0.518448,0.187126 
1.014013,0.454879 
1.011145,0.233869 
0.518448,0.187126 
1.014013,0.454879 
1.011145,0.233869 
0.518448,0.187126 
1.014013,0.454879 
1.011145,0.233869 
0.518448,0.187126 
1.014013,0.454879 
1.011145,0.233869 
0.518448,0.187126 
1.014013,0.454879 
1.011145,0.233869 
0.518448,0.187126 
1.014013,0.454879 
1.011145,0.233869 
0.518448,0.187126 
1.014013,0.454879 
1.011145,0.233869 
0.518448,0.187126 
1.014013,0.454879 
1.011145,0.233869 
0.518448,0.187126 
1.014013,0.454879 
1.011145,0.233869 
0.518448,0.187126 
1.014013,0.454879 
1.011145,0.233869 
0.518448,0.187126 
1.014013,0.454879 
1.011145,0.233869 
0.518448,0.187126 
1.014013,0.454879 
1.011145,0.233869 
0.518448,0.187126 
1.014013,0.454879 
1.011145,0.233869 
0.518448,0.187126 
1.014013,0.454879 
1.011145,0.233869 
0.518448,0.187126 
1.014013,0.454879 
1.011145,0.233869 
0.518448,0.187126 
1.014013,0.454879 
1.011145,0.233869 
0.518448,0.187126 
1.014013,0.454879 
1.011145,0.233869 
0.518448,0.187126 
1.014013,0.454879 
1.011145,0.233869 
0.518448,0.187126 
1.014013,0.454879 
1.011145,0.233869 
0.518448,0.187126 
1.014013,0.454879 
1.011145,0.233869 
0.518448,0.187126 
1.014013,0.454879 
1.011145,0.233869 
0.518448,0.187126 
1.014013,0.454879 
1.011145,0.233869 
0.518448,0.187126 
1.014013,0.454879 
1.011145,0.233869 
0.518448,0.187126 
1.014013,0.454879 
1.011145,0.233869 
0.518448,0.187126 
1.014013,0.454879 
1.011145,0.233869 
0.518448,0.187126 
1.014013,0.454879 
1.011145,0.233869 
0.518448,0.187126 
1.014013,0.454879 
1.011145,0.233869 
0.518448,0.187126 
1.014013,0.454879 
1.011145,0.233869 
0.518448,0.187126 
1.014013,0.454879 
1.011145,0.233869 
0.518448,0.187126 
1.014013,0.454879 
1.011145,0.233869 
0.518448,0.187126 
1.014013,0.454879 
1.011145,0.233869 
0.518448,0.187126 
1.014013,0.454879 
1.011145,0.233869 
0.518448,0.187126 
1.014013,0.454879 
1.011145,0.233869 
0.518448,0.187126 
1.014013,0.454879 
1.011145,0.233869 
0.518448,0.187126 
1.014013,0.454879 
1.011145,0.233869 
0.518448,0.187126 
1.014013,0.454879 
1.011145,0.233869 
0.518448,0.187126 
1.014013,0.454879 
1.011145,0.233869 
0.518448,0.187126 
1.014013,0.454879 
1.011145,0.233869 
0.518448,0.187126 
1.014013,0.454879 
1.011145,0.233869 
0.518448,0.187126 
1.014013,0.454879 
1.011145,0.233869 
0.518448,0.187126 
1.014013,0.454879 
1.011145,0.233869 
0.518448,0.187126 
1.014013,0.454879 
1.011145,0.233869 
0.518448,0.187126 
1.014013,0.454879 
1.011145,0.233869 
0.518448,0.187126 
1.014013,0.454879 
1.011145,0.233869 
0.518448,0.187126 
1.014013,0.454879 
1.011145,0.233869 
0.518448,0.187126 
1.014013,0.454879 
1.011145,0.233869 
0.518448,0.187126 
1.014013,0.454879 
1.011145,0.233869 
0.518448,0.187126 
1.014013,0.454879 
1.011145,0.233869 
0.518448,0.187126 
1.014013,0.454879 
1.011145,0.233869 
0.518448,0.187126 
1.014013,0.454879 
1.011145,0.233869 
0.518448,0.187126 
1.014013,0.454879 
1.011145,0.233869 
0.518448,0.187126 
1.014013,0.454879 
1.011145,0.233869 
0.518448,0.187126 
1.014013,0.454879 
1.011145,0.233869 
0.518448,0.187126 
1.014013,0.454879 
1.011145,0.233869 
0.518448,0.187126 
1.014013,0.454879 
0.989207,0.181187 
0.517036,0.112163 
1.053742,0.192580 
1.000176,0.213304 
0.517742,0.159826 
1.033877,0.311270 
1.000176,0.213304 
0.517742,0.159826 
1.033877,0.311270 
1.000176,0.213304 
0.517742,0.159826 
1.033877,0.311270 
1.000176,0.213304 
0.517742,0.159826 
1.033877,0.311270 
1.000176,0.213304 
0.517742,0.159826 
1.033877,0.311270 
1.000176,0.213304 
0.517742,0.159826 
1.033877,0.311270 
1.000176,0.213304 
0.517742,0.159826 
1.033877,0.311270 
1.000176,0.213304 
0.517742,0.159826 
1.033877,0.311270 
1.000176,0.213304 
0.517742,0.159826 
1.033877,0.311270 
1.000176,0.213304 
0.517742,0.159826 
1.033877,0.311270 
1.000176,0.213304 
0.517742,0.159826 
1.033877,0.311270 
1.000176,0.213304 
0.517742,0.159826 
1.033877,0.311270 
1.000176,0.213304 
0.517742,0.159826 
1.033877,0.311270 
1.000176,0.213304 
0.517742,0.159826 
1.033877,0.311270 
1.000176,0.213304 
0.517742,0.159826 
1.033877,0.311270 
1.000176,0.213304 
0.517742,0.159826 
1.033877,0.311270 
1.000176,0.213304 
0.517742,0.159826 
1.033877,0.311270 
1.000176,0.213304 
0.517742,0.159826 
1.033877,0.311270 
1.000176,0.213304 
0.517742,0.159826 
1.033877,0.311270 
1.000176,0.213304 
0.517742,0.159826 
1.033877,0.311270 
1.000176,0.213304 
0.517742,0.159826 
1.033877,0.311270 
1.000176,0.213304 
0.517742,0.159826 
1.033877,0.311270 
1.000176,0.213304 
0.517742,0.159826 
1.033877,0.311270 
1.000176,0.213304 
0.517742,0.159826 
1.033877,0.311270 
1.000176,0.213304 
0.517742,0.159826 
1.033877,0.311270 
1.000176,0.213304 
0.517742,0.159826 
1.033877,0.311270 
1.000176,0.213304 
0.517742,0.159826 
1.033877,0.311270 
1.000176,0.213304 
0.517742,0.159826 
1.033877,0.311270 
1.000176,0.213304 
0.517742,0.159826 
1.033877,0.311270 
1.000176,0.213304 
0.517742,0.159826 
1.033877,0.311270 
1.000176,0.213304 
0.517742,0.159826 
1.033877,0.311270 
1.000176,0.213304 
0.517742,0.159826 
1.033877,0.311270 
1.000176,0.213304 
0.517742,0.159826 
1.033877,0.311270 
1.000176,0.213304 
0.517742,0.159826 
1.033877,0.311270 
1.000176,0.213304 
0.517742,0.159826 
1.033877,0.311270 
1.000176,0.213304 
0.517742,0.159826 
1.033877,0.311270 
1.000176,0.213304 
0.517742,0.159826 
1.033877,0.311270 
1.000176,0.213304 
0.517742,0.159826 
1.033877,0.311270 
1.000176,0.213304 
0.517742,0.159826 
1.033877,0.311270 
1.000176,0.213304 
0.517742,0.159826 
1.033877,0.311270 
1.000176,0.213304 
0.517742,0.159826 
1.033877,0.311270 
1.000176,0.213304 
0.517742,0.159826 
1.033877,0.311270 
1.000176,0.213304 
0.517742,0.159826 
1.033877,0.311270 
1.000176,0.213304 
0.517742,0.159826 
1.033877,0.311270 
1.000176,0.213304 
0.517742,0.159826 
1.033877,0.311270 
1.000176,0.213304 
0.517742,0.159826 
1.033877,0.311270 
1.000176,0.213304 
0.517742,0.159826 
1.033877,0.311270 
1.000176,0.213304 
0.517742,0.159826 
1.033877,0.311270 
1.000176,0.213304 
0.517742,0.159826 
1.033877,0.311270 
1.000176,0.213304 
0.517742,0.159826 
1.033877,0.311270 
1.000176,0.213304 
0.517742,0.159826 
1.033877,0.311270 
1.000176,0.213304 
0.517742,0.159826 
1.033877,0.311270 
1.000176,0.213304 
0.517742,0.159826 
1.033877,0.311270 
1.000176,0.213304 
0.517742,0.159826 
1.033877,0.311270 
1.000176,0.213304 
0.517742,0.159826 
1.033877,0.311270 
1.000176,0.213304 
0.517742,0.159826 
1.033877,0.311270 
1.000176,0.213304 
0.517742,0.159826 
1.033877,0.311270 
1.000176,0.213304 
0.517742,0.159826 
1.033877,0.311270 
1.000176,0.213304 
0.517742,0.159826 
1.033877,0.311270 
1.000176,0.213304 
0.517742,0.159826 
1.033877,0.311270 
1.000176,0.213304 
0.517742,0.159826 
1.033877,0.311270 
1.000176,0.213304 
0.517742,0.159826 
1.033877,0.311270 
1.000176,0.213304 
0.517742,0.159826 
1.033877,0.311270 
1.000176,0.213304 
0.517742,0.159826 
1.033877,0.311270 
1.000176,0.213304 
0.517742,0.159826 
1.033877,0.311270 
1.000176,0.213304 
0.517742,0.159826 
1.033877,0.311270 
1.000176,0.213304 
0.517742,0.159826 
1.033877,0.311270 
0.140218,0.198988 
-0.231712,0.446330 
0.206206,0.677703 
0.570197,0.160922 
0.143015,0.297422 
0.620042,0.348073 
0.785187,0.178580 
0.330379,0.178060 
0.826959,0.140363 
0.892681,0.195096 
0.424060,0.108436 
0.930418,0.188224 
0.892681,0.195096 
0.424060,0.108436 
0.930418,0.188224 
0.892681,0.195096 
0.424060,0.108436 
0.930418,0.188224 
0.892681,0.195096 
0.424060,0.108436 
0.930418,0.188224 
0.892681,0.195096 
0.424060,0.108436 
0.930418,0.188224 
0.892681,0.195096 
0.424060,0.108436 
0.930418,0.188224 
0.892681,0.195096 
0.424060,0.108436 
0.930418,0.188224 
0.892681,0.195096 
0.424060,0.108436 
0.930418,0.188224 
0.892681,0.195096 
0.424060,0.108436 
0.930418,0.188224 
0.892681,0.195096 
0.424060,0.108436 
0.930418,0.188224 
0.892681,0.195096 
0.424060,0.108436 
0.930418,0.188224 
0.892681,0.195096 
0.424060,0.108436 
0.930418,0.188224 
0.892681,0.195096 
0.424060,0.108436 
0.930418,0.188224 
0.892681,0.195096 
0.424060,0.108436 
0.930418,0.188224 
0.892681,0.195096 
0.424060,0.108436 
0.930418,0.188224 
0.892681,0.195096 
0.424060,0.108436 
0.930418,0.188224 
0.892681,0.195096 
0.424060,0.108436 
0.930418,0.188224 
0.892681,0.195096 
0.424060,0.108436 
0.930418,0.188224 
0.892681,0.195096 
0.424060,0.108436 
0.930418,0.188224 
0.892681,0.195096 
0.424060,0.108436 
0.930418,0.188224 
0.892681,0.195096 
0.424060,0.108436 
0.930418,0.188224 
0.892681,0.195096 
0.424060,0.108436 
0.930418,0.188224 
0.892681,0.195096 
0.424060,0.108436 
0.930418,0.188224 
0.892681,0.195096 
0.424060,0.108436 
0.930418,0.188224 
0.892681,0.195096 
0.424060,0.108436 
0.930418,0.188224 
0.892681,0.195096 
0.424060,0.108436 
0.930418,0.188224 
0.892681,0.195096 
0.424060,0.108436 
0.930418,0.188224 
0.892681,0.195096 
0.424060,0.108436 
0.930418,0.188224 
0.892681,0.195096 
0.424060,0.108436 
0.930418,0.188224 
0.892681,0.195096 
0.424060,0.108436 
0.930418,0.188224 
0.892681,0.195096 
0.424060,0.108436 
0.930418,0.188224 
0.892681,0.195096 
0.424060,0.108436 
0.930418,0.188224 
0.892681,0.195096 
0.424060,0.108436 
0.930418,0.188224 
0.892681,0.195096 
0.424060,0.108436 
0.930418,0.188224 
0.892681,0.195096 
0.424060,0.108436 
0.930418,0.188224 
0.892681,0.195096 
0.424060,0.108436 
0.930418,0.188224 
0.892681,0.195096 
0.424060,0.108436 
0.930418,0.188224 
0.892681,0.195096 
0.424060,0.108436 
0.930418,0.188224 
0.892681,0.195096 
0.424060,0.108436 
0.930418,0.188224 
0.892681,0.195096 
0.424060,0.108436 
0.930418,0.188224 
0.892681,0.195096 
0.424060,0.108436 
0.930418,0.188224 
0.892681,0.195096 
0.424060,0.108436 
0.930418,0.188224 
0.892681,0.195096 
0.424060,0.108436 
0.930418,0.188224 
0.892681,0.195096 
0.424060,0.108436 
0.930418,0.188224 
0.892681,0.195096 
0.424060,0.108436 
0.930418,0.188224 
0.892681,0.195096 
0.424060,0.108436 
0.930418,0.188224 
0.892681,0.195096 
0.424060,0.108436 
0.930418,0.188224 
0.892681,0.195096 
0.424060,0.108436 
0.930418,0.188224 
0.892681,0.195096 
0.424060,0.108436 
0.930418,0.188224 
0.892681,0.195096 
0.424060,0.108436 
0.930418,0.188224 
0.892681,0.195096 
0.424060,0.108436 
0.930418,0.188224 
0.892681,0.195096 
0.424060,0.108436 
0.930418,0.188224 
0.892681,0.195096 
0.424060,0.108436 
0.930418,0.188224 
0.892681,0.195096 
0.424060,0.108436 
0.930418,0.188224 
0.892681,0.195096 
0.424060,0.108436 
0.930418,0.188224 
0.892681,0.195096 
0.424060,0.108436 
0.930418,0.188224 
0.892681,0.195096 
0.424060,0.108436 
0.930418,0.188224 
0.892681,0.195096 
0.424060,0.108436 
0.930418,0.188224 
0.892681,0.195096 
0.424060,0.108436 
0.930418,0.188224 
0.892681,0.195096 
0.424060,0.108436 
0.930418,0.188224 
0.892681,0.195096 
0.424060,0.108436 
0.930418,0.188224 
0.892681,0.195096 
0.424060,0.108436 
0.930418,0.188224 
0.892681,0.195096 
0.424060,0.108436 
0.930418,0.188224 
0.892681,0.195096 
0.424060,0.108436 
0.930418,0.188224 
0.892681,0.195096 
0.424060,0.108436 
0.930418,0.188224 
0.892681,0.195096 
0.424060,0.108436 
0.930418,0.188224 
0.892681,0.195096 
0.424060,0.108436 
0.930418,0.188224 
1.413124,0.516847 
0.517063,0.199467 
1.427245,0.404808 
1.152903,0.354637 
0.470562,0.088286 
1.178832,0.365330 
1.152903,0.354637 
0.470562,0.088286 
1.178832,0.365330 
1.152903,0.354637 
0.470562,0.088286 
1.178832,0.365330 
1.152903,0.354637 
0.470562,0.088286 
1.178832,0.365330 
1.152903,0.354637 
0.470562,0.088286 
1.178832,0.365330 
1.152903,0.354637 
0.470562,0.088286 
1.178832,0.365330 
1.152903,0.354637 
0.470562,0.088286 
1.178832,0.365330 
1.152903,0.354637 
0.470562,0.088286 
1.178832,0.365330 
1.152903,0.354637 
0.470562,0.088286 
1.178832,0.365330 
1.152903,0.354637 
0.470562,0.088286 
1.178832,0.365330 
1.152903,0.354637 
0.470562,0.088286 
1.178832,0.365330 
1.152903,0.354637 
0.470562,0.088286 
1.178832,0.365330 
1.152903,0.354637 
0.470562,0.088286 
1.178832,0.365330 
1.152903,0.354637 
0.470562,0.088286 
1.178832,0.365330 
1.152903,0.354637 
0.470562,0.088286 
1.178832,0.365330 
1.152903,0.354637 
0.470562,0.088286 
1.178832,0.365330 
1.152903,0.354637 
0.470562,0.088286 
1.178832,0.365330 
1.152903,0.354637 
0.470562,0.088286 
1.178832,0.365330 
1.152903,0.354637 
0.470562,0.088286 
1.178832,0.365330 
1.152903,0.354637 
0.470562,0.088286 
1.178832,0.365330 
1.152903,0.354637 
0.470562,0.088286 
1.178832,0.365330 
1.152903,0.354637 
0.470562,0.088286 
1.178832,0.365330 
1.152903,0.354637 
0.470562,0.088286 
1.178832,0.365330 
1.152903,0.354637 
0.470562,0.088286 
1.178832,0.365330 
1.152903,0.354637 
0.470562,0.088286 
1.178832,0.365330 
1.152903,0.354637 
0.470562,0.088286 
1.178832,0.365330 
1.152903,0.354637 
0.470562,0.088286 
1.178832,0.365330 
1.152903,0.354637 
0.470562,0.088286 
1.178832,0.365330 
1.152903,0.354637 
0.470562,0.088286 
1.178832,0.365330 
1.152903,0.354637 
0.470562,0.088286 
1.178832,0.365330 
1.152903,0.354637 
0.470562,0.088286 
1.178832,0.365330 
1.152903,0.354637 
0.470562,0.088286 
1.178832,0.365330 
1.152903,0.354637 
0.470562,0.088286 
1.178832,0.365330 
1.152903,0.354637 
0.470562,0.088286 
1.178832,0.365330 
1.152903,0.354637 
0.470562,0.088286 
1.178832,0.365330 
1.152903,0.354637 
0.470562,0.088286 
1.178832,0.365330 
1.152903,0.354637 
0.470562,0.088286 
1.178832,0.365330 
1.152903,0.354637 
0.470562,0.088286 
1.178832,0.365330 
1.152903,0.354637 
0.470562,0.088286 
1.178832,0.365330 
1.152903,0.354637 
0.470562,0.088286 
1.178832,0.365330 
1.152903,0.354637 
0.470562,0.088286 
1.178832,0.365330 
1.152903,0.354637 
0.470562,0.088286 
1.178832,0.365330 
1.152903,0.354637 
0.470562,0.088286 
1.178832,0.365330 
1.152903,0.354637 
0.470562,0.088286 
1.178832,0.365330 
1.152903,0.354637 
0.470562,0.088286 
1.178832,0.365330 
1.152903,0.354637 
0.470562,0.088286 
1.178832,0.365330 
1.152903,0.354637 
0.470562,0.088286 
1.178832,0.365330 
1.152903,0.354637 
0.470562,0.088286 
1.178832,0.365330 
1.152903,0.354637 
0.470562,0.088286 
1.178832,0.365330 
1.152903,0.354637 
0.470562,0.088286 
1.178832,0.365330 
1.152903,0.354637 
0.470562,0.088286 
1.178832,0.365330 
1.152903,0.354637 
0.470562,0.088286 
1.178832,0.365330 
1.152903,0.354637 
0.470562,0.088286 
1.178832,0.365330 
1.152903,0.354637 
0.470562,0.088286 
1.178832,0.365330 
1.152903,0.354637 
0.470562,0.088286 
1.178832,0.365330 
1.152903,0.354637 
0.470562,0.088286 
1.178832,0.365330 
1.152903,0.354637 
0.470562,0.088286 
1.178832,0.365330 
1.152903,0.354637 
0.470562,0.088286 
1.178832,0.365330 
1.152903,0.354637 
0.470562,0.088286 
1.178832,0.365330 
1.152903,0.354637 
0.470562,0.088286 
1.178832,0.365330 
1.152903,0.354637 
0.470562,0.088286 
1.178832,0.365330 
1.152903,0.354637 
0.470562,0.088286 
1.178832,0.365330 
1.152903,0.354637 
0.470562,0.088286 
1.178832,0.365330 
1.152903,0.354637 
0.470562,0.088286 
1.178832,0.365330 
1.152903,0.354637 
0.470562,0.088286 
1.178832,0.365330 
1.152903,0.354637 
0.470562,0.088286 
1.178832,0.365330 
1.152903,0.354637 
0.470562,0.088286 
1.178832,0.365330 
1.728135,0.784963 
0.690886,0.633172 
1.700528,0.244420 
1.440519,0.560919 
0.580724,0.335716 
1.439680,0.327053 
1.440519,0.560919 
0.580724,0.335716 
1.439680,0.327053 
1.440519,0.560919 
0.580724,0.335716 
1.439680,0.327053 
1.440519,0.560919 
0.580724,0.335716 
1.439680,0.327053 
1.440519,0.560919 
0.580724,0.335716 
1.439680,0.327053 
1.440519,0.560919 
0.580724,0.335716 
1.439680,0.327053 
1.440519,0.560919 
0.580724,0.335716 
1.439680,0.327053 
1.440519,0.560919 
0.580724,0.335716 
1.439680,0.327053 
1.440519,0.560919 
0.580724,0.335716 
1.439680,0.327053 
1.440519,0.560919 
0.580724,0.335716 
1.439680,0.327053 
1.440519,0.560919 
0.580724,0.335716 
1.439680,0.327053 
1.440519,0.560919 
0.580724,0.335716 
1.439680,0.327053 
1.440519,0.560919 
0.580724,0.335716 
1.439680,0.327053 
1.440519,0.560919 
0.580724,0.335716 
1.439680,0.327053 
1.440519,0.560919 
0.580724,0.335716 
1.439680,0.327053 
1.440519,0.560919 
0.580724,0.335716 
1.439680,0.327053 
1.440519,0.560919 
0.580724,0.335716 
1.439680,0.327053 
1.440519,0.560919 
0.580724,0.335716 
1.439680,0.327053 
1.440519,0.560919 
0.580724,0.335716 
1.439680,0.327053 
1.440519,0.560919 
0.580724,0.335716 
1.439680,0.327053 
1.440519,0.560919 
0.580724,0.335716 
1.439680,0.327053 
1.440519,0.560919 
0.580724,0.335716 
1.439680,0.327053 
1.440519,0.560919 
0.580724,0.335716 
1.439680,0.327053 
1.440519,0.560919 
0.580724,0.335716 
1.439680,0.327053 
1.440519,0.560919 
0.580724,0.335716 
1.439680,0.327053 
1.440519,0.560919 
0.580724,0.335716 
1.439680,0.327053 
1.440519,0.560919 
0.580724,0.335716 
1.439680,0.327053 
1.440519,0.560919 
0.580724,0.335716 
1.439680,0.327053 
1.440519,0.560919 
0.580724,0.335716 
1.439680,0.327053 
1.440519,0.560919 
0.580724,0.335716 
1.439680,0.327053 
1.440519,0.560919 
0.580724,0.335716 
1.439680,0.327053 
1.440519,0.560919 
0.580724,0.335716 
1.439680,0.327053 
1.440519,0.560919 
0.580724,0.335716 
1.439680,0.327053 
1.440519,0.560919 
0.580724,0.335716 
1.439680,0.327054 
1.440519,0.560919 
0.580724,0.335716 
1.439680,0.327053 
1.440519,0.560919 
0.580724,0.335716 
1.439680,0.327053 
1.440519,0.560919 
0.580724,0.335716 
1.439680,0.327053 
1.440519,0.560919 
0.580724,0.335716 
1.439680,0.327053 
1.440519,0.560919 
0.580724,0.335716 
1.439680,0.327053 
1.440519,0.560919 
0.580724,0.335716 
1.439680,0.327053 
1.440519,0.560919 
0.580724,0.335716 
1.439680,0.327053 
1.440519,0.560919 
0.580724,0.335716 
1.439680,0.327053 
1.440519,0.560919 
0.580724,0.335716 
1.439680,0.327053 
1.440519,0.560919 
0.580724,0.335716 
1.439680,0.327053 
1.440519,0.560919 
0.580724,0.335716 
1.439680,0.327053 
1.440519,0.560919 
0.580724,0.335716 
1.439680,0.327053 
1.440519,0.560919 
0.580724,0.335716 
1.439680,0.327053 
1.440519,0.560919 
0.580724,0.335716 
1.439680,0.327053 
1.440519,0.560919 
0.580724,0.335716 
1.439680,0.327053 
1.440519,0.560919 
0.580724,0.335716 
1.439680,0.327053 
1.440519,0.560919 
0.580724,0.335716 
1.439680,0.327053 
1.440519,0.560919 
0.580724,0.335716 
1.439680,0.327053 
1.440519,0.560919 
0.580724,0.335717 
1.439680,0.327053 
1.440519,0.560919 
0.580724,0.335716 
1.439680,0.327053 
1.440519,0.560919 
0.580724,0.335716 
1.439680,0.327053 
1.440519,0.560919 
0.580724,0.335716 
1.439680,0.327053 
1.440519,0.560919 
0.580724,0.335716 
1.439680,0.327053 
1.440519,0.560919 
0.580724,0.335716 
1.439680,0.327053 
1.440519,0.560919 
0.580724,0.335716 
1.439680,0.327053 
1.440519,0.560919 
0.580724,0.335716 
1.439680,0.327053 
1.440519,0.560919 
0.580724,0.335716 
1.439680,0.327053 
1.440519,0.560919 
0.580724,0.335716 
1.439680,0.327053 
1.440519,0.560919 
0.580724,0.335716 
1.439680,0.327053 
1.440519,0.560919 
0.580724,0.335716 
1.439680,0.327053 
1.440519,0.560919 
0.580724,0.335716 
1.439680,0.327053 
1.440519,0.560919 
0.580724,0.335716 
1.439680,0.327053 
1.440519,0.560919 
0.580724,0.335716 
1.439680,0.327053 
1.670955,0.564089 
1.294517,0.389932 
1.592229,0.594623 
1.555737,0.563689 
0.937620,0.395055 
1.515954,0.490896 
1.555737,0.563689 
0.937620,0.395055 
1.515954,0.490896 
1.555737,0.563689 
0.937620,0.395055 
1.515954,0.490896 
1.555737,0.563689 
0.937620,0.395055 
1.515954,0.490896 
1.555737,0.563689 
0.937620,0.395055 
1.515954,0.490896 
1.555737,0.563689 
0.937620,0.395055 
1.515954,0.490896 
1.555737,0.563689 
0.937620,0.395055 
1.515954,0.490896 
1.555737,0.563689 
0.937620,0.395055 
1.515954,0.490896 
1.555737,0.563689 
0.937620,0.395055 
1.515954,0.490896 
1.555737,0.563689 
0.937620,0.395055 
1.515954,0.490896 
1.555737,0.563689 
0.937620,0.395055 
1.515954,0.490896 
1.555737,0.563689 
0.937620,0.395055 
1.515954,0.490896 
1.555737,0.563689 
0.937620,0.395055 
1.515954,0.490896 
1.555737,0.563689 
0.937620,0.395055 
1.515954,0.490896 
1.555737,0.563689 
0.937620,0.395055 
1.515954,0.490896 
1.555737,0.563689 
0.937620,0.395055 
1.515954,0.490896 
1.555737,0.563689 
0.937620,0.395055 
1.515954,0.490896 
1.555737,0.563689 
0.937620,0.395055 
1.515954,0.490896 
1.555737,0.563689 
0.937620,0.395055 
1.515954,0.490896 
1.555737,0.563689 
0.937620,0.395055 
1.515954,0.490896 
1.555737,0.563689 
0.937620,0.395055 
1.515954,0.490896 
1.555737,0.563689 
0.937620,0.395055 
1.515954,0.490896 
1.555737,0.563689 
0.937620,0.395055 
1.515954,0.490896 
1.555737,0.563689 
0.937620,0.395055 
1.515954,0.490896 
1.555737,0.563689 
0.937620,0.395055 
1.515954,0.490896 
1.555737,0.563689 
0.937620,0.395055 
1.515954,0.490896 
1.555737,0.563689 
0.937620,0.395055 
1.515954,0.490896 
1.555737,0.563689 
0.937620,0.395055 
1.515954,0.490896 
1.555737,0.563689 
0.937620,0.395055 
1.515954,0.490896 
1.555737,0.563689 
0.937620,0.395055 
1.515954,0.490896 
1.555737,0.563689 
0.937620,0.395055 
1.515954,0.490896 
1.555737,0.563689 
0.937620,0.395055 
1.515954,0.490896 
1.555737,0.563689 
0.937620,0.395055 
1.515954,0.490896 
1.555737,0.563689 
0.937620,0.395055 
1.515954,0.490896 
1.555737,0.563689 
0.937620,0.395055 
1.515954,0.490896 
1.555737,0.563689 
0.937620,0.395055 
1.515954,0.490896 
1.555737,0.563689 
0.937620,0.395055 
1.515954,0.490896 
1.555737,0.563689 
0.937620,0.395055 
1.515954,0.490896 
1.555737,0.563689 
0.937620,0.395055 
1.515954,0.490896 
1.555737,0.563689 
0.937620,0.395055 
1.515954,0.490896 
1.555737,0.563689 
0.937620,0.395055 
1.515954,0.490896 
1.555737,0.563689 
0.937620,0.395055 
1.515954,0.490896 
1.555737,0.563689 
0.937620,0.395055 
1.515954,0.490896 
1.555737,0.563689 
0.937620,0.395055 
1.515954,0.490896 
1.555737,0.563689 
0.937620,0.395055 
1.515954,0.490896 
1.555737,0.563689 
0.937620,0.395055 
1.515954,0.490896 
1.555737,0.563689 
0.937620,0.395055 
1.515954,0.490896 
1.555737,0.563689 
0.937620,0.395055 
1.515954,0.490896 
1.555737,0.563689 
0.937620,0.395055 
1.515954,0.490896 
1.555737,0.563689 
0.937620,0.395055 
1.515954,0.490896 
1.555737,0.563689 
0.937620,0.395055 
1.515954,0.490896 
1.555737,0.563689 
0.937620,0.395055 
1.515954,0.490896 
1.555737,0.563689 
0.937620,0.395055 
1.515954,0.490896 
1.555737,0.563689 
0.937620,0.395055 
1.515954,0.490896 
1.555737,0.563689 
0.937620,0.395055 
1.515954,0.490896 
1.555737,0.563689 
0.937620,0.395055 
1.515954,0.490896 
1.555737,0.563689 
0.937620,0.395055 
1.515954,0.490896 
1.555737,0.563689 
0.937620,0.395055 
1.515954,0.490896 
1.555737,0.563689 
0.937620,0.395055 
1.515954,0.490896 
1.555737,0.563689 
0.937620,0.395055 
1.515954,0.490896 
1.555737,0.563689 
0.937620,0.395055 
1.515954,0.490896 
1.555737,0.563689 
0.937620,0.395055 
1.515954,0.490896 
1.555737,0.563689 
0.937620,0.395055 
1.515954,0.490896 
1.555737,0.563689 
0.937620,0.395055 
1.515954,0.490896 
1.555737,0.563689 
0.937621,0.395055 
1.515954,0.490896 
1.555737,0.563689 
0.937620,0.395055 
1.515954,0.490896 
1.555737,0.563689 
0.937621,0.395055 
1.515954,0.490896 
1.491631,0.328747 
1.269309,0.181698 
1.465517,0.152432 
1.491631,0.328747 
1.269309,0.181698 
1.465517,0.152432 
1.491631,0.328747 
1.269309,0.181698 
1.465517,0.152432 
1.491631,0.328747 
1.269309,0.181698 
1.465517,0.152432 
1.491631,0.328747 
1.269309,0.181698 
1.465517,0.152432 
1.491631,0.328747 
1.269309,0.181698 
1.465517,0.152432 
1.491631,0.328747 
1.269309,0.181698 
1.465517,0.152432 
1.491631,0.328747 
1.269309,0.181698 
1.465517,0.152432 
1.491631,0.328747 
1.269309,0.181698 
1.465517,0.152432 
1.491631,0.328747 
1.269309,0.181698 
1.465517,0.152432 
1.491631,0.328747 
1.269309,0.181698 
1.465517,0.152432 
1.491631,0.328747 
1.269309,0.181698 
1.465517,0.152432 
1.491631,0.328747 
1.269309,0.181698 
1.465517,0.152432 
1.491631,0.328747 
1.269309,0.181698 
1.465517,0.152432 
1.491631,0.328747 
1.269309,0.181698 
1.465517,0.152432 
1.491631,0.328747 
1.269309,0.181698 
1.465517,0.152432 
1.491631,0.328747 
1.269309,0.181698 
1.465517,0.152432 
1.491631,0.328747 
1.269309,0.181698 
1.465517,0.152432 
1.491631,0.328747 
1.269309,0.181698 
1.465517,0.152432 
1.491631,0.328747 
1.269309,0.181698 
1.465517,0.152432 
1.491631,0.328747 
1.269309,0.181698 
1.465517,0.152432 
1.491631,0.328747 
1.269309,0.181698 
1.465517,0.152432 
1.491631,0.328747 
1.269309,0.181698 
1.465517,0.152432 
1.491631,0.328747 
1.269309,0.181698 
1.465517,0.152432 
1.491631,0.328747 
1.269309,0.181698 
1.465517,0.152432 
1.491631,0.328747 
1.269309,0.181698 
1.465517,0.152432 
1.491631,0.328747 
1.269309,0.181698 
1.465517,0.152432 
1.491631,0.328747 
1.269309,0.181698 
1.465517,0.152432 
1.491631,0.328747 
1.269309,0.181698 
1.465517,0.152432 
1.491631,0.328747 
1.269309,0.181698 
1.465517,0.152432 
1.491631,0.328747 
1.269309,0.181698 
1.465517,0.152432 
1.491631,0.328747 
1.269309,0.181698 
1.465517,0.152432 
1.491631,0.328747 
1.269309,0.181698 
1.465517,0.152432 
1.491631,0.328747 
1.269309,0.181698 
1.465517,0.152432 
1.491631,0.328747 
1.269309,0.181698 
1.465517,0.152432 
1.491631,0.328747 
1.269309,0.181698 
1.465517,0.152432 
1.491631,0.328747 
1.269309,0.181698 
1.465517,0.152432 
1.491631,0.328747 
1.269309,0.181698 
1.465517,0.152432 
1.491631,0.328747 
1.269309,0.181698 
1.465517,0.152432 
1.491631,0.328747 
1.269309,0.181698 
1.465517,0.152432 
1.491631,0.328747 
1.269309,0.181698 
1.465517,0.152432 
1.491631,0.328747 
1.269309,0.181698 
1.465517,0.152432 
1.491631,0.328747 
1.269309,0.181698 
1.465517,0.152432 
1.491631,0.328747 
1.269309,0.181698 
1.465517,0.152432 
1.491631,0.328747 
1.269309,0.181698 
1.465517,0.152432 
1.491631,0.328747 
1.269309,0.181698 
1.465517,0.152432 
1.491631,0.328747 
1.269309,0.181698 
1.465517,0.152432 
1.491631,0.328747 
1.269309,0.181698 
1.465517,0.152432 
1.491631,0.328747 
1.269309,0.181698 
1.465517,0.152432 
1.491631,0.328747 
1.269309,0.181698 
1.465517,0.152432 
1.491631,0.328747 
1.269309,0.181698 
1.465517,0.152432 
1.491631,0.328747 
1.269309,0.181698 
1.465517,0.152432 
1.491631,0.328747 
1.269309,0.181698 
1.465517,0.152432 
1.491631,0.328747 
1.269309,0.181698 
1.465517,0.152432 
1.491631,0.328747 
1.269309,0.181698 
1.465517,0.152432 
1.491631,0.328747 
1.269309,0.181698 
1.465517,0.152432 
1.491631,0.328747 
1.269309,0.181698 
1.465517,0.152432 
1.491631,0.328747 
1.269309,0.181698 
1.465517,0.152432 
1.491631,0.328747 
1.269309,0.181698 
1.465517,0.152432 
1.491631,0.328747 
1.269309,0.181698 
1.465517,0.152432 
1.491631,0.328747 
1.269309,0.181698 
1.465517,0.152432 
1.491631,0.328747 
1.269309,0.181698 
1.465517,0.152432 
1.491631,0.328747 
1.269309,0.181698 
1.465517,0.152432 
1.491631,0.328747 
1.269309,0.181698 
1.465517,0.152432 
1.491631,0.328747 
1.269309,0.181698 
1.465517,0.152432 
1.491631,0.328747 
1.269309,0.181698 
1.465517,0.152432 
1.491631,0.328747 
1.269309,0.181698 
1.465517,0.152432 
1.289829,0.174614 
1.225197,0.310517 
1.297036,0.344811 
1.390730,0.229149 
1.247253,0.258687 
1.381276,0.194131 
1.390730,0.229149 
1.247253,0.258687 
1.381276,0.194131 
1.390730,0.229149 
1.247253,0.258687 
1.381276,0.194131 
1.390730,0.229149 
1.247253,0.258687 
1.381276,0.194131 
1.390730,0.229149 
1.247253,0.258687 
1.381276,0.194131 
1.390730,0.229149 
1.247253,0.258687 
1.381276,0.194131 
1.390730,0.229149 
1.247253,0.258687 
1.381276,0.194131 
1.390730,0.229149 
1.247253,0.258687 
1.381276,0.194131 
1.390730,0.229149 
1.247253,0.258687 
1.381276,0.194131 
1.390730,0.229149 
1.247253,0.258687 
1.381276,0.194131 
1.390730,0.229149 
1.247253,0.258687 
1.381276,0.194131 
1.390730,0.229149 
1.247253,0.258687 
1.381276,0.194131 
1.390730,0.229149 
1.247253,0.258687 
1.381276,0.194131 
1.390730,0.229149 
1.247253,0.258687 
1.381276,0.194131 
1.390730,0.229149 
1.247253,0.258687 
1.381276,0.194131 
1.390730,0.229149 
1.247253,0.258687 
1.381276,0.194131 
1.390730,0.229149 
1.247253,0.258687 
1.381276,0.194131 
1.390730,0.229149 
1.247253,0.258687 
1.381276,0.194131 
1.390730,0.229149 
1.247253,0.258687 
1.381276,0.194131 
1.390730,0.229149 
1.247253,0.258687 
1.381276,0.194131 
1.390730,0.229149 
1.247253,0.258687 
1.381276,0.194131 
1.390730,0.229149 
1.247253,0.258687 
1.381276,0.194131 
1.390730,0.229149 
1.247253,0.258687 
1.381276,0.194131 
1.390730,0.229149 
1.247253,0.258687 
1.381276,0.194131 
1.390730,0.229149 
1.247253,0.258687 
1.381276,0.194131 
1.390730,0.229149 
1.247253,0.258687 
1.381276,0.194131 
1.390730,0.229149 
1.247253,0.258687 
1.381276,0.194131 
1.390730,0.229149 
1.247253,0.258687 
1.381276,0.194131 
1.390730,0.229149 
1.247253,0.258687 
1.381276,0.194131 
1.390730,0.229149 
1.247253,0.258687 
1.381276,0.194131 
1.390730,0.229149 
1.247253,0.258687 
1.381276,0.194131 
1.390730,0.229149 
1.247253,0.258687 
1.381276,0.194131 
1.390730,0.229149 
1.247253,0.258687 
1.381276,0.194131 
1.390730,0.229149 
1.247253,0.258687 
1.381276,0.194131 
1.390730,0.229149 
1.247253,0.258687 
1.381276,0.194131 
1.390730,0.229149 
1.247253,0.258687 
1.381276,0.194131 
1.390730,0.229149 
1.247253,0.258687 
1.381276,0.194131 
1.390730,0.229149 
1.247253,0.258687 
1.381276,0.194131 
1.390730,0.229149 
1.247253,0.258687 
1.381276,0.194131 
1.390730,0.229149 
1.247253,0.258687 
1.381276,0.194131 
1.390730,0.229149 
1.247253,0.258687 
1.381276,0.194131 
1.390730,0.229149 
1.247253,0.258687 
1.381276,0.194131 
1.390730,0.229149 
1.247253,0.258687 
1.381276,0.194131 
1.390730,0.229149 
1.247253,0.258687 
1.381276,0.194131 
1.390730,0.229149 
1.247253,0.258687 
1.381276,0.194131 
1.390730,0.229149 
1.247253,0.258687 
1.381276,0.194131 
1.390730,0.229149 
1.247253,0.258687 
1.381276,0.194131 
1.390730,0.229149 
1.247253,0.258687 
1.381276,0.194131 
1.390730,0.229149 
1.247253,0.258687 
1.381276,0.194131 
1.390730,0.229149 
1.247253,0.258687 
1.381276,0.194131 
1.390730,0.229149 
1.247253,0.258687 
1.381276,0.194131 
1.390730,0.229149 
1.247253,0.258687 
1.381276,0.194131 
1.390730,0.229149 
1.247253,0.258687 
1.381276,0.194131 
1.390730,0.229149 
1.247253,0.258687 
1.381276,0.194131 
1.390730,0.229149 
1.247253,0.258687 
1.381276,0.194131 
1.390730,0.229149 
1.247253,0.258687 
1.381276,0.194131 
1.390730,0.229149 
1.247253,0.258687 
1.381276,0.194131 
1.390730,0.229149 
1.247253,0.258687 
1.381276,0.194131 
1.390730,0.229149 
1.247253,0.258687 
1.381276,0.194131 
1.390730,0.229149 
1.247253,0.258687 
1.381276,0.194131 
1.390730,0.229149 
1.247253,0.258687 
1.381276,0.194131 
1.390730,0.229149 
1.247253,0.258687 
1.381276,0.194131 
1.390730,0.229149 
1.247253,0.258687 
1.381276,0.194131 
1.390730,0.229149 
1.247253,0.258687 
1.381276,0.194131 
1.390730,0.229149 
1.247253,0.258687 
1.381276,0.194131 
1.390730,0.229149 
1.247253,0.258687 
1.381276,0.194131 
1.390730,0.229149 
1.247253,0.258687 
1.381276,0.194131 
1.334566,0.487518 
0.971017,0.221144 
1.371094,0.320472 
1.362648,0.320002 
1.109135,0.094202 
1.376185,0.189598 
1.376689,0.247519 
1.178194,0.191921 
1.378731,0.144146 
1.376689,0.247519 
1.178194,0.191921 
1.378731,0.144146 
1.376689,0.247519 
1.178194,0.191921 
1.378731,0.144146 
1.376689,0.247519 
1.178194,0.191921 
1.378731,0.144146 
1.376689,0.247519 
1.178194,0.191921 
1.378731,0.144146 
1.376689,0.247519 
1.178194,0.191921 
1.378731,0.144146 
1.376689,0.247519 
1.178194,0.191921 
1.378731,0.144146 
1.376689,0.247519 
1.178194,0.191921 
1.378731,0.144146 
1.376689,0.247519 
1.178194,0.191921 
1.378731,0.144146 
1.376689,0.247519 
1.178194,0.191921 
1.378731,0.144146 
1.376689,0.247519 
1.178194,0.191921 
1.378731,0.144146 
1.376689,0.247519 
1.178194,0.191921 
1.378731,0.144146 
1.376689,0.247519 
1.178194,0.191921 
1.378731,0.144146 
1.376689,0.247519 
1.178194,0.191921 
1.378731,0.144146 
1.376689,0.247519 
1.178194,0.191921 
1.378731,0.144146 
1.376689,0.247519 
1.178194,0.191921 
1.378731,0.144146 
1.376689,0.247519 
1.178194,0.191921 
1.378731,0.144146 
1.376689,0.247519 
1.178194,0.191921 
1.378731,0.144146 
1.376689,0.247519 
1.178194,0.191921 
1.378731,0.144146 
1.376689,0.247519 
1.178194,0.191921 
1.378731,0.144146 
1.376689,0.247519 
1.178194,0.191921 
1.378731,0.144146 
1.376689,0.247519 
1.178194,0.191921 
1.378731,0.144146 
1.376689,0.247519 
1.178194,0.191921 
1.378731,0.144146 
1.376689,0.247519 
1.178194,0.191921 
1.378731,0.144146 
1.376689,0.247519 
1.178194,0.191921 
1.378731,0.144146 
1.376689,0.247519 
1.178194,0.191921 
1.378731,0.144146 
1.376689,0.247519 
1.178194,0.191921 
1.378731,0.144146 
1.376689,0.247519 
1.178194,0.191921 
1.378731,0.144146 
1.376689,0.247519 
1.178194,0.191921 
1.378731,0.144146 
1.376689,0.247519 
1.178194,0.191921 
1.378731,0.144146 
1.376689,0.247519 
1.178194,0.191921 
1.378731,0.144146 
1.376689,0.247519 
1.178194,0.191921 
1.378731,0.144146 
1.376689,0.247519 
1.178194,0.191921 
1.378731,0.144146 
1.376689,0.247519 
1.178194,0.191921 
1.378731,0.144146 
1.376689,0.247519 
1.178194,0.191921 
1.378731,0.144146 
1.376689,0.247519 
1.178194,0.191921 
1.378731,0.144146 
1.376689,0.247519 
1.178194,0.191921 
1.378731,0.144146 
1.376689,0.247519 
1.178194,0.191921 
1.378731,0.144146 
1.376689,0.247519 
1.178194,0.191921 
1.378731,0.144146 
1.376689,0.247519 
1.178194,0.191921 
1.378731,0.144146 
1.376689,0.247519 
1.178194,0.191921 
1.378731,0.144146 
1.376689,0.247519 
1.178194,0.191921 
1.378731,0.144146 
1.376689,0.247519 
1.178194,0.191921 
1.378731,0.144146 
1.376689,0.247519 
1.178194,0.191921 
1.378731,0.144146 
1.376689,0.247519 
1.178194,0.191921 
1.378731,0.144146 
1.376689,0.247519 
1.178194,0.191921 
1.378731,0.144146 
1.376689,0.247519 
1.178194,0.191921 
1.378731,0.144146 
1.376689,0.247519 
1.178194,0.191921 
1.378731,0.144146 
1.376689,0.247519 
1.178194,0.191921 
1.378731,0.144146 
1.376689,0.247519 
1.178194,0.191921 
1.378731,0.144146 
1.376689,0.247519 
1.178194,0.191921 
1.378731,0.144146 
1.376689,0.247519 
1.178194,0.191921 
1.378731,0.144146 
1.376689,0.247519 
1.178194,0.191921 
1.378731,0.144146 
1.376689,0.247519 
1.178194,0.191921 
1.378731,0.144146 
1.376689,0.247519 
1.178194,0.191921 
1.378731,0.144146 
1.376689,0.247519 
1.178194,0.191921 
1.378731,0.144146 
1.376689,0.247519 
1.178194,0.191921 
1.378731,0.144146 
1.376689,0.247519 
1.178194,0.191921 
1.378731,0.144146 
1.376689,0.247519 
1.178194,0.191921 
1.378731,0.144146 
1.376689,0.247519 
1.178194,0.191921 
1.378731,0.144146 
1.376689,0.247519 
1.178194,0.191921 
1.378731,0.144146 
1.376689,0.247519 
1.178194,0.191921 
1.378731,0.144146 
1.376689,0.247519 
1.178194,0.191921 
1.378731,0.144146 
1.376689,0.247519 
1.178194,0.191921 
1.378731,0.144146 
1.376689,0.247519 
1.178194,0.191921 
1.378731,0.144146 
1.376689,0.247519 
1.178194,0.191921 
1.378731,0.144146 
1.376689,0.247519 
1.178194,0.191921 
1.378731,0.144146 
1.804871,0.468481 
1.263601,0.420148 
1.821218,0.137867 
1.590780,0.354975 
1.220898,0.138467 
1.599974,0.139314 
1.590780,0.354975 
1.220898,0.138467 
1.599974,0.139314 
1.590780,0.354975 
1.220898,0.138467 
1.599974,0.139314 
1.590780,0.354975 
1.220898,0.138467 
1.599974,0.139314 
1.590780,0.354975 
1.220898,0.138467 
1.599974,0.139314 
1.590780,0.354975 
1.220898,0.138467 
1.599974,0.139314 
1.590780,0.354975 
1.220898,0.138467 
1.599974,0.139314 
1.590780,0.354975 
1.220898,0.138467 
1.599974,0.139314 
1.590780,0.354975 
1.220898,0.138467 
1.599974,0.139314 
1.590780,0.354975 
1.220898,0.138467 
1.599974,0.139314 
1.590780,0.354975 
1.220898,0.138467 
1.599974,0.139314 
1.590780,0.354975 
1.220898,0.138467 
1.599974,0.139314 
1.590780,0.354975 
1.220898,0.138467 
1.599974,0.139314 
1.590780,0.354975 
1.220898,0.138467 
1.599974,0.139314 
1.590780,0.354975 
1.220898,0.138467 
1.599974,0.139314 
1.590780,0.354975 
1.220898,0.138467 
1.599974,0.139314 
1.590780,0.354975 
1.220898,0.138467 
1.599974,0.139314 
1.590780,0.354975 
1.220898,0.138467 
1.599974,0.139314 
1.590780,0.354975 
1.220898,0.138467 
1.599974,0.139314 
1.590780,0.354975 
1.220898,0.138467 
1.599974,0.139314 
1.590780,0.354975 
1.220898,0.138467 
1.599974,0.139314 
1.590780,0.354975 
1.220898,0.138467 
1.599974,0.139314 
1.590780,0.354975 
1.220898,0.138467 
1.599974,0.139314 
1.590780,0.354975 
1.220898,0.138467 
1.599974,0.139314 
1.590780,0.354975 
1.220898,0.138467 
1.599974,0.139314 
1.590780,0.354975 
1.220898,0.138467 
1.599974,0.139314 
1.590780,0.354975 
1.220898,0.138467 
1.599974,0.139314 
1.590780,0.354975 
1.220898,0.138467 
1.599974,0.139314 
1.590780,0.354975 
1.220898,0.138467 
1.599974,0.139314 
1.590780,0.354975 
1.220898,0.138467 
1.599974,0.139314 
1.590780,0.354975 
1.220898,0.138467 
1.599974,0.139314 
1.590780,0.354975 
1.220898,0.138467 
1.599974,0.139314 
1.590780,0.354975 
1.220898,0.138467 
1.599974,0.139314 
1.590780,0.354975 
1.220898,0.138467 
1.599974,0.139314 
1.590780,0.354975 
1.220898,0.138467 
1.599974,0.139314 
1.590780,0.354975 
1.220898,0.138467 
1.599974,0.139314 
1.590780,0.354975 
1.220898,0.138467 
1.599974,0.139314 
1.590780,0.354975 
1.220898,0.138467 
1.599974,0.139314 
1.590780,0.354975 
1.220898,0.138467 
1.599974,0.139314 
1.590780,0.354975 
1.220898,0.138467 
1.599974,0.139314 
1.590780,0.354975 
1.220898,0.138467 
1.599974,0.139314 
1.590780,0.354975 
1.220898,0.138467 
1.599974,0.139314 
1.590780,0.354975 
1.220898,0.138467 
1.599974,0.139314 
1.590780,0.354975 
1.220898,0.138467 
1.599974,0.139314 
1.590780,0.354975 
1.220898,0.138467 
1.599974,0.139314 
1.590780,0.354975 
1.220898,0.138467 
1.599974,0.139314 
1.590780,0.354975 
1.220898,0.138467 
1.599974,0.139314 
1.590780,0.354975 
1.220898,0.138467 
1.599974,0.139314 
1.590780,0.354975 
1.220898,0.138467 
1.599974,0.139314 
1.590780,0.354975 
1.220898,0.138467 
1.599974,0.139314 
1.590780,0.354975 
1.220898,0.138467 
1.599974,0.139314 
1.590780,0.354975 
1.220898,0.138467 
1.599974,0.139314 
1.590780,0.354975 
1.220898,0.138467 
1.599974,0.139314 
1.590780,0.354975 
1.220898,0.138467 
1.599974,0.139314 
1.590780,0.354975 
1.220898,0.138467 
1.599974,0.139314 
1.590780,0.354975 
1.220898,0.138467 
1.599974,0.139314 
1.590780,0.354975 
1.220898,0.138467 
1.599974,0.139314 
1.590780,0.354975 
1.220898,0.138467 
1.599974,0.139314 
1.590780,0.354975 
1.220898,0.138467 
1.599974,0.139314 
1.590780,0.354975 
1.220898,0.138467 
1.599974,0.139314 
1.590780,0.354975 
1.220898,0.138467 
1.599974,0.139314 
1.590780,0.354975 
1.220898,0.138467 
1.599974,0.139314 
1.590780,0.354975 
1.220898,0.138467 
1.599974,0.139314 
1.590780,0.354975 
1.220898,0.138467 
1.599974,0.139314 
1.590780,0.354975 
1.220898,0.138467 
1.599974,0.139314 
1.590780,0.354975 
1.220898,0.138467 
1.599974,0.139314 
1.590780,0.354975 
1.220898,0.138467 
1.599974,0.139314 
1.630036,0.269078 
1.173119,0.049367 
1.611342,0.103032 
1.610408,0.328949 
1.197008,0.219883 
1.605658,0.114741 
1.610408,0.328949 
1.197008,0.219883 
1.605658,0.114741 
1.610408,0.328949 
1.197008,0.219883 
1.605658,0.114741 
1.610408,0.328949 
1.197008,0.219883 
1.605658,0.114741 
1.610408,0.328949 
1.197008,0.219883 
1.605658,0.114741 
1.610408,0.328949 
1.197008,0.219883 
1.605658,0.114741 
1.610408,0.328949 
1.197008,0.219883 
1.605658,0.114741 
1.610408,0.328949 
1.197008,0.219883 
1.605658,0.114741 
1.610408,0.328949 
1.197008,0.219883 
1.605658,0.114741 
1.610408,0.328949 
1.197008,0.219883 
1.605658,0.114741 
1.610408,0.328949 
1.197008,0.219883 
1.605658,0.114741 
1.610408,0.328949 
1.197008,0.219883 
1.605658,0.114741 
1.610408,0.328949 
1.197008,0.219883 
1.605658,0.114741 
1.610408,0.328949 
1.197008,0.219883 
1.605658,0.114741 
1.610408,0.328949 
1.197008,0.219883 
1.605658,0.114741 
1.610408,0.328949 
1.197008,0.219883 
1.605658,0.114741 
1.610408,0.328949 
1.197008,0.219883 
1.605658,0.114741 
1.610408,0.328949 
1.197008,0.219883 
1.605658,0.114741 
1.610408,0.328949 
1.197008,0.219883 
1.605658,0.114741 
1.610408,0.328949 
1.197008,0.219883 
1.605658,0.114741 
1.610408,0.328949 
1.197008,0.219883 
1.605658,0.114741 
1.610408,0.328949 
1.197008,0.219883 
1.605658,0.114741 
1.610408,0.328949 
1.197008,0.219883 
1.605658,0.114741 
1.610408,0.328949 
1.197008,0.219883 
1.605658,0.114741 
1.610408,0.328949 
1.197008,0.219883 
1.605658,0.114741 
1.610408,0.328949 
1.197008,0.219883 
1.605658,0.114741 
1.610408,0.328949 
1.197008,0.219883 
1.605658,0.114741 
1.610408,0.328949 
1.197008,0.219883 
1.605658,0.114741 
1.610408,0.328949 
1.197008,0.219883 
1.605658,0.114741 
1.610408,0.328949 
1.197008,0.219883 
1.605658,0.114741 
1.610408,0.328949 
1.197008,0.219883 
1.605658,0.114741 
1.610408,0.328949 
1.197008,0.219883 
1.605658,0.114741 
1.610408,0.328949 
1.197008,0.219883 
1.605658,0.114741 
1.610408,0.328949 
1.197008,0.219883 
1.605658,0.114741 
1.610408,0.328949 
1.197008,0.219883 
1.605658,0.114741 
1.610408,0.328949 
1.197008,0.219883 
1.605658,0.114741 
1.610408,0.328949 
1.197008,0.219883 
1.605658,0.114741 
1.610408,0.328949 
1.197008,0.219883 
1.605658,0.114741 
1.610408,0.328949 
1.197008,0.219883 
1.605658,0.114741 
1.610408,0.328949 
1.197008,0.219883 
1.605658,0.114741 
1.610408,0.328949 
1.197008,0.219883 
1.605658,0.114741 
1.610408,0.328949 
1.197008,0.219883 
1.605658,0.114741 
1.610408,0.328949 
1.197008,0.219883 
1.605658,0.114741 
1.610408,0.328949 
1.197008,0.219883 
1.605658,0.114741 
1.610408,0.328949 
1.197008,0.219883 
1.605658,0.114741 
1.610408,0.328949 
1.197008,0.219883 
1.605658,0.114741 
1.610408,0.328949 
1.197008,0.219883 
1.605658,0.114741 
1.610408,0.328949 
1.197008,0.219883 
1.605658,0.114741 
1.610408,0.328949 
1.197008,0.219883 
1.605658,0.114741 
1.610408,0.328949 
1.197008,0.219883 
1.605658,0.114741 
1.610408,0.328949 
1.197008,0.219883 
1.605658,0.114741 
1.610408,0.328949 
1.197008,0.219883 
1.605658,0.114741 
1.610408,0.328949 
1.197008,0.219883 
1.605658,0.114741 
1.610408,0.328949 
1.197008,0.219883 
1.605658,0.114741 
1.610408,0.328949 
1.197008,0.219883 
1.605658,0.114741 
1.610408,0.328949 
1.197008,0.219883 
1.605658,0.114741 
1.610408,0.328949 
1.197008,0.219883 
1.605658,0.114741 
1.610408,0.328949 
1.197008,0.219883 
1.605658,0.114741 
1.610408,0.328949 
1.197008,0.219883 
1.605658,0.114741 
1.610408,0.328949 
1.197008,0.219883 
1.605658,0.114741 
1.610408,0.328949 
1.197008,0.219883 
1.605658,0.114741 
1.610408,0.328949 
1.197008,0.219883 
1.605658,0.114741 
1.610408,0.328949 
1.197008,0.219883 
1.605658,0.114741 
1.610408,0.328949 
1.197008,0.219883 
1.605658,0.114741 
1.610408,0.328949 
1.197008,0.219883 
1.605658,0.114741 
1.610408,0.328949 
1.197008,0.219883 
1.605658,0.114741 
1.610408,0.328949 
1.197008,0.219883 
1.605658,0.114741 
1.624740,0.218525 
1.466750,0.248049 
1.590146,0.329428 
1.617574,0.269616 
1.331879,0.100505 
1.597902,0.158361 
1.617574,0.269616 
1.331879,0.100505 
1.597902,0.158361 
1.617574,0.269616 
1.331879,0.100505 
1.597902,0.158361 
1.617574,0.269616 
1.331879,0.100505 
1.597902,0.158361 
1.617574,0.269616 
1.331879,0.100505 
1.597902,0.158361 
1.617574,0.269616 
1.331879,0.100505 
1.597902,0.158361 
1.617574,0.269616 
1.331879,0.100505 
1.597902,0.158361 
1.617574,0.269616 
1.331879,0.100505 
1.597902,0.158361 
1.617574,0.269616 
1.331879,0.100505 
1.597902,0.158361 
1.617574,0.269616 
1.331879,0.100505 
1.597902,0.158361 
1.617574,0.269616 
1.331879,0.100505 
1.597902,0.158361 
1.617574,0.269616 
1.331879,0.100505 
1.597902,0.158361 
1.617574,0.269616 
1.331879,0.100505 
1.597902,0.158361 
1.617574,0.269616 
1.331879,0.100505 
1.597902,0.158361 
1.617574,0.269616 
1.331879,0.100505 
1.597902,0.158361 
1.617574,0.269616 
1.331879,0.100505 
1.597902,0.158361 
1.617574,0.269616 
1.331879,0.100505 
1.597902,0.158361 
1.617574,0.269616 
1.331879,0.100505 
1.597902,0.158361 
1.617574,0.269616 
1.331879,0.100505 
1.597902,0.158361 
1.617574,0.269616 
1.331879,0.100505 
1.597902,0.158361 
1.617574,0.269616 
1.331879,0.100505 
1.597902,0.158361 
1.617574,0.269616 
1.331879,0.100505 
1.597902,0.158361 
1.617574,0.269616 
1.331879,0.100505 
1.597902,0.158361 
1.617574,0.269616 
1.331879,0.100505 
1.597902,0.158361 
1.617574,0.269616 
1.331879,0.100505 
1.597902,0.158361 
1.617574,0.269616 
1.331879,0.100505 
1.597902,0.158361 
1.617574,0.269616 
1.331879,0.100505 
1.597902,0.158361 
1.617574,0.269616 
1.331879,0.100505 
1.597902,0.158361 
1.617574,0.269616 
1.331879,0.100505 
1.597902,0.158361 
1.617574,0.269616 
1.331879,0.100505 
1.597902,0.158361 
1.617574,0.269616 
1.331879,0.100505 
1.597902,0.158361 
1.617574,0.269616 
1.331879,0.100505 
1.597902,0.158361 
1.617574,0.269616 
1.331879,0.100505 
1.597902,0.158361 
1.617574,0.269616 
1.331879,0.100505 
1.597902,0.158361 
1.617574,0.269616 
1.331879,0.100505 
1.597902,0.158361 
1.617574,0.269616 
1.331879,0.100505 
1.597902,0.158361 
1.617574,0.269616 
1.331879,0.100505 
1.597902,0.158361 
1.617574,0.269616 
1.331879,0.100505 
1.597902,0.158361 
1.617574,0.269616 
1.331879,0.100505 
1.597902,0.158361 
1.617574,0.269616 
1.331879,0.100505 
1.597902,0.158361 
1.617574,0.269616 
1.331879,0.100505 
1.597902,0.158361 
1.617574,0.269616 
1.331879,0.100505 
1.597902,0.158361 
1.617574,0.269616 
1.331879,0.100505 
1.597902,0.158361 
1.617574,0.269616 
1.331879,0.100505 
1.597902,0.158361 
1.617574,0.269616 
1.331879,0.100505 
1.597902,0.158361 
1.617574,0.269616 
1.331879,0.100505 
1.597902,0.158361 
1.617574,0.269616 
1.331879,0.100505 
1.597902,0.158361 
1.617574,0.269616 
1.331879,0.100505 
1.597902,0.158361 
1.617574,0.269616 
1.331879,0.100505 
1.597902,0.158361 
1.617574,0.269616 
1.331879,0.100505 
1.597902,0.158361 
1.617574,0.269616 
1.331879,0.100505 
1.597902,0.158361 
1.617574,0.269616 
1.331879,0.100505 
1.597902,0.158361 
1.617574,0.269616 
1.331879,0.100505 
1.597902,0.158361 
1.617574,0.269616 
1.331879,0.100505 
1.597902,0.158361 
1.617574,0.269616 
1.331879,0.100505 
1.597902,0.158361 
1.617574,0.269616 
1.331879,0.100505 
1.597902,0.158361 
1.617574,0.269616 
1.331879,0.100505 
1.597902,0.158361 
1.617574,0.269616 
1.331879,0.100505 
1.597902,0.158361 
1.617574,0.269616 
1.331879,0.100505 
1.597902,0.158361 
1.617574,0.269616 
1.331879,0.100505 
1.597902,0.158361 
1.617574,0.269616 
1.331879,0.100505 
1.597902,0.158361 
1.617574,0.269616 
1.331879,0.100505 
1.597902,0.158361 
1.617574,0.269616 
1.331879,0.100505 
1.597902,0.158361 
1.617574,0.269616 
1.331879,0.100505 
1.597902,0.158361 
1.617574,0.269616 
1.331879,0.100505 
1.597902,0.158361 
1.617574,0.269616 
1.331879,0.100505 
1.597902,0.158361 
1.617574,0.269616 
1.331879,0.100505 
1.597902,0.158361 
1.618938,0.183803 
1.600731,0.280233 
1.593833,0.238740 
1.618256,0.245718 
1.466305,0.191050 
1.595867,0.179294 
1.618256,0.245718 
1.466305,0.191050 
1.595867,0.179294 
1.618256,0.245718 
1.466305,0.191050 
1.595867,0.179294 
1.618256,0.245718 
1.466305,0.191050 
1.595867,0.179294 
1.618256,0.245718 
1.466305,0.191050 
1.595867,0.179294 
1.618256,0.245718 
1.466305,0.191050 
1.595867,0.179294 
1.618256,0.245718 
1.466305,0.191050 
1.595867,0.179294 
1.618256,0.245718 
1.466305,0.191050 
1.595867,0.179294 
1.618256,0.245718 
1.466305,0.191050 
1.595867,0.179294 
1.618256,0.245718 
1.466305,0.191050 
1.595867,0.179294 
1.618256,0.245718 
1.466305,0.191050 
1.595867,0.179294 
1.618256,0.245718 
1.466305,0.191050 
1.595867,0.179294 
1.618256,0.245718 
1.466305,0.191050 
1.595867,0.179294 
1.618256,0.245718 
1.466305,0.191050 
1.595867,0.179294 
1.618256,0.245718 
1.466305,0.191050 
1.595867,0.179294 
1.618256,0.245718 
1.466305,0.191050 
1.595867,0.179294 
1.618256,0.245718 
1.466305,0.191050 
1.595867,0.179294 
1.618256,0.245718 
1.466305,0.191050 
1.595867,0.179294 
1.618256,0.245718 
1.466305,0.191050 
1.595867,0.179294 
1.618256,0.245718 
1.466305,0.191050 
1.595867,0.179294 
1.618256,0.245718 
1.466305,0.191050 
1.595867,0.179294 
1.618256,0.245718 
1.466305,0.191050 
1.595867,0.179294 
1.618256,0.245718 
1.466305,0.191050 
1.595867,0.179294 
1.618256,0.245718 
1.466305,0.191050 
1.595867,0.179294 
1.618256,0.245718 
1.466305,0.191050 
1.595867,0.179294 
1.618256,0.245718 
1.466305,0.191050 
1.595867,0.179294 
1.618256,0.245718 
1.466305,0.191050 
1.595867,0.179294 
1.618256,0.245718 
1.466305,0.191050 
1.595867,0.179294 
1.618256,0.245718 
1.466305,0.191050 
1.595867,0.179294 
1.618256,0.245718 
1.466305,0.191050 
1.595867,0.179294 
1.618256,0.245718 
1.466305,0.191050 
1.595867,0.179294 
1.618256,0.245718 
1.466305,0.191050 
1.595867,0.179294 
1.618256,0.245718 
1.466305,0.191050 
1.595867,0.179294 
1.618256,0.245718 
1.466305,0.191050 
1.595867,0.179294 
1.618256,0.245718 
1.466305,0.191050 
1.595867,0.179294 
1.618256,0.245718 
1.466305,0.191050 
1.595867,0.179294 
1.618256,0.245718 
1.466305,0.191050 
1.595867,0.179294 
1.618256,0.245718 
1.466305,0.191050 
1.595867,0.179294 
1.618256,0.245718 
1.466305,0.191050 
1.595867,0.179294 
1.618256,0.245718 
1.466305,0.191050 
1.595867,0.179294 
1.618256,0.245718 
1.466305,0.191050 
1.595867,0.179294 
1.618256,0.245718 
1.466305,0.191050 
1.595867,0.179294 
1.618256,0.245718 
1.466305,0.191050 
1.595867,0.179294 
1.618256,0.245718 
1.466305,0.191050 
1.595867,0.179294 
1.618256,0.245718 
1.466305,0.191050 
1.595867,0.179294 
1.618256,0.245718 
1.466305,0.191050 
1.595867,0.179294 
1.618256,0.245718 
1.466305,0.191050 
1.595867,0.179294 
1.618256,0.245718 
1.466305,0.191050 
1.595867,0.179294 
1.618256,0.245718 
1.466305,0.191050 
1.595867,0.179294 
1.618256,0.245718 
1.466305,0.191050 
1.595867,0.179294 
1.618256,0.245718 
1.466305,0.191050 
1.595867,0.179294 
1.618256,0.245718 
1.466305,0.191050 
1.595867,0.179294 
1.618256,0.245718 
1.466305,0.191050 
1.595867,0.179294 
1.618256,0.245718 
1.466305,0.191050 
1.595867,0.179294 
1.618256,0.245718 
1.466305,0.191050 
1.595867,0.179294 
1.618256,0.245718 
1.466305,0.191050 
1.595867,0.179294 
1.618256,0.245718 
1.466305,0.191050 
1.595867,0.179294 
1.618256,0.245718 
1.466305,0.191050 
1.595867,0.179294 
1.618256,0.245718 
1.466305,0.191050 
1.595867,0.179294 
1.618256,0.245718 
1.466305,0.191050 
1.595867,0.179294 
1.618256,0.245718 
1.466305,0.191050 
1.595867,0.179294 
1.618256,0.245718 
1.466305,0.191050 
1.595867,0.179294 
1.618256,0.245718 
1.466305,0.191050 
1.595867,0.179294 
1.618256,0.245718 
1.466305,0.191050 
1.595867,0.179294 
1.618256,0.245718 
1.466305,0.191050 
1.595867,0.179294 
1.618256,0.245718 
1.466305,0.191050 
1.595867,0.179294 
1.618256,0.245718 
1.466305,0.191050 
1.595867,0.179294 
1.482011,0.192489 
1.364452,0.130465 
1.480500,0.139058 
1.550133,0.212102 
1.415379,0.086846 
1.538184,0.083486 
1.550133,0.212102 
1.415379,0.086846 
1.538184,0.083486 
1.550133,0.212102 
1.415379,0.086846 
1.538184,0.083486 
1.550133,0.212102 
1.415379,0.086846 
1.538184,0.083486 
1.550133,0.212102 
1.415379,0.086846 
1.538184,0.083486 
1.550133,0.212102 
1.415379,0.086846 
1.538184,0.083486 
1.550133,0.212102 
1.415379,0.086846 
1.538184,0.083486 
1.550133,0.212102 
1.415379,0.086846 
1.538184,0.083486 
1.550133,0.212102 
1.415379,0.086846 
1.538184,0.083486 
1.550133,0.212102 
1.415379,0.086846 
1.538184,0.083486 
1.550133,0.212102 
1.415379,0.086846 
1.538184,0.083486 
1.550133,0.212102 
1.415379,0.086846 
1.538184,0.083486 
1.550133,0.212102 
1.415379,0.086846 
1.538184,0.083486 
1.550133,0.212102 
1.415379,0.086846 
1.538184,0.083486 
1.550133,0.212102 
1.415379,0.086846 
1.538184,0.083486 
1.550133,0.212102 
1.415379,0.086846 
1.538184,0.083486 
1.550133,0.212102 
1.415379,0.086846 
1.538184,0.083486 
1.550133,0.212102 
1.415379,0.086846 
1.538184,0.083486 
1.550133,0.212102 
1.415379,0.086846 
1.538184,0.083486 
1.550133,0.212102 
1.415379,0.086846 
1.538184,0.083486 
1.550133,0.212102 
1.415379,0.086846 
1.538184,0.083486 
1.550133,0.212102 
1.415379,0.086846 
1.538184,0.083486 
1.550133,0.212102 
1.415379,0.086846 
1.538184,0.083486 
1.550133,0.212102 
1.415379,0.086846 
1.538184,0.083486 
1.550133,0.212102 
1.415379,0.086846 
1.538184,0.083486 
1.550133,0.212102 
1.415379,0.086846 
1.538184,0.083486 
1.550133,0.212102 
1.415379,0.086846 
1.538184,0.083486 
1.550133,0.212102 
1.415379,0.086846 
1.538184,0.083486 
1.550133,0.212102 
1.415379,0.086846 
1.538184,0.083486 
1.550133,0.212102 
1.415379,0.086846 
1.538184,0.083486 
1.550133,0.212102 
1.415379,0.086846 
1.538184,0.083486 
1.550133,0.212102 
1.415379,0.086846 
1.538184,0.083486 
1.550133,0.212102 
1.415379,0.086846 
1.538184,0.083486 
1.550133,0.212102 
1.415379,0.086846 
1.538184,0.083486 
1.550133,0.212102 
1.415379,0.086846 
1.538184,0.083486 
1.550133,0.212102 
1.415379,0.086846 
1.538184,0.083486 
1.550133,0.212102 
1.415379,0.086846 
1.538184,0.083486 
1.550133,0.212102 
1.415379,0.086846 
1.538184,0.083486 
1.550133,0.212102 
1.415379,0.086846 
1.538184,0.083486 
1.550133,0.212102 
1.415379,0.086846 
1.538184,0.083486 
1.550133,0.212102 
1.415379,0.086846 
1.538184,0.083486 
1.550133,0.212102 
1.415379,0.086846 
1.538184,0.083486 
1.550133,0.212102 
1.415379,0.086846 
1.538184,0.083486 
1.550133,0.212102 
1.415379,0.086846 
1.538184,0.083486 
1.550133,0.212102 
1.415379,0.086846 
1.538184,0.083486 
1.550133,0.212102 
1.415379,0.086846 
1.538184,0.083486 
1.550133,0.212102 
1.415379,0.086846 
1.538184,0.083486 
1.550133,0.212102 
1.415379,0.086846 
1.538184,0.083486 
1.550133,0.212102 
1.415379,0.086846 
1.538184,0.083486 
1.550133,0.212102 
1.415379,0.086846 
1.538184,0.083486 
1.550133,0.212102 
1.415379,0.086846 
1.538184,0.083486 
1.550133,0.212102 
1.415379,0.086846 
1.538184,0.083486 
1.550133,0.212102 
1.415379,0.086846 
1.538184,0.083486 
1.550133,0.212102 
1.415379,0.086846 
1.538184,0.083486 
1.550133,0.212102 
1.415379,0.086846 
1.538184,0.083486 
1.550133,0.212102 
1.415379,0.086846 
1.538184,0.083486 
1.550133,0.212102 
1.415379,0.086846 
1.538184,0.083486 
1.550133,0.212102 
1.415379,0.086846 
1.538184,0.083486 
1.550133,0.212102 
1.415379,0.086846 
1.538184,0.083486 
1.550133,0.212102 
1.415379,0.086846 
1.538184,0.083486 
1.550133,0.212102 
1.415379,0.086846 
1.538184,0.083486 
1.550133,0.212102 
1.415379,0.086846 
1.538184,0.083486 
1.550133,0.212102 
1.415379,0.086846 
1.538184,0.083486 
1.550133,0.212102 
1.415379,0.086846 
1.538184,0.083486 
1.550133,0.212102 
1.415379,0.086846 
1.538184,0.083486 
1.550133,0.212102 
1.415379,0.086846 
1.538184,0.083486 
1.550133,0.212102 
1.415379,0.086846 
1.538184,0.083486 
1.558309,0.237909 
1.335429,0.122520 
1.569131,0.116661 
1.554221,0.220604 
1.375404,0.054246 
1.553657,0.108371 
1.554221,0.220604 
1.375404,0.054246 
1.553657,0.108371 
1.554221,0.220604 
1.375404,0.054246 
1.553657,0.108371 
1.554221,0.220604 
1.375404,0.054246 
1.553657,0.108371 
1.554221,0.220604 
1.375404,0.054246 
1.553657,0.108371 
1.554221,0.220604 
1.375404,0.054246 
1.553657,0.108371 
1.554221,0.220604 
1.375404,0.054246 
1.553657,0.108371 
1.554221,0.220604 
1.375404,0.054246 
1.553657,0.108371 
1.554221,0.220604 
1.375404,0.054246 
1.553657,0.108371 
1.554221,0.220604 
1.375404,0.054246 
1.553657,0.108371 
1.554221,0.220604 
1.375404,0.054246 
1.553657,0.108371 
1.554221,0.220604 
1.375404,0.054246 
1.553657,0.108371 
1.554221,0.220604 
1.375404,0.054246 
1.553657,0.108371 
1.554221,0.220604 
1.375404,0.054246 
1.553657,0.108371 
1.554221,0.220604 
1.375404,0.054246 
1.553657,0.108371 
1.554221,0.220604 
1.375404,0.054246 
1.553657,0.108371 
1.554221,0.220604 
1.375404,0.054246 
1.553657,0.108371 
1.554221,0.220604 
1.375404,0.054246 
1.553657,0.108371 
1.554221,0.220604 
1.375404,0.054246 
1.553657,0.108371 
1.554221,0.220604 
1.375404,0.054246 
1.553657,0.108371 
1.554221,0.220604 
1.375404,0.054246 
1.553657,0.108371 
1.554221,0.220604 
1.375404,0.054246 
1.553657,0.108371 
1.554221,0.220604 
1.375404,0.054246 
1.553657,0.108371 
1.554221,0.220604 
1.375404,0.054246 
1.553657,0.108371 
1.554221,0.220604 
1.375404,0.054246 
1.553657,0.108371 
1.554221,0.220604 
1.375404,0.054246 
1.553657,0.108371 
1.554221,0.220604 
1.375404,0.054246 
1.553657,0.108371 
1.554221,0.220604 
1.375404,0.054246 
1.553657,0.108371 
1.554221,0.220604 
1.375404,0.054246 
1.553657,0.108371 
1.554221,0.220604 
1.375404,0.054246 
1.553657,0.108371 
1.554221,0.220604 
1.375404,0.054246 
1.553657,0.108371 
1.554221,0.220604 
1.375404,0.054246 
1.553657,0.108371 
1.554221,0.220604 
1.375404,0.054246 
1.553657,0.108371 
1.554221,0.220604 
1.375404,0.054246 
1.553657,0.108371 
1.554221,0.220604 
1.375404,0.054246 
1.553657,0.108371 
1.554221,0.220604 
1.375404,0.054246 
1.553657,0.108371 
1.554221,0.220604 
1.375404,0.054246 
1.553657,0.108371 
1.554221,0.220604 
1.375404,0.054246 
1.553657,0.108371 
1.554221,0.220604 
1.375404,0.054246 
1.553657,0.108371 
1.554221,0.220604 
1.375404,0.054246 
1.553657,0.108371 
1.554221,0.220604 
1.375404,0.054246 
1.553657,0.108371 
1.554221,0.220604 
1.375404,0.054246 
1.553657,0.108371 
1.554221,0.220604 
1.375404,0.054246 
1.553657,0.108371 
1.554221,0.220604 
1.375404,0.054246 
1.553657,0.108371 
1.554221,0.220604 
1.375404,0.054246 
1.553657,0.108371 
1.554221,0.220604 
1.375404,0.054246 
1.553657,0.108371 
1.554221,0.220604 
1.375404,0.054246 
1.553657,0.108371 
1.554221,0.220604 
1.375404,0.054246 
1.553657,0.108371 
1.554221,0.220604 
1.375404,0.054246 
1.553657,0.108371 
1.554221,0.220604 
1.375404,0.054246 
1.553657,0.108371 
1.554221,0.220604 
1.375404,0.054246 
1.553657,0.108371 
1.554221,0.220604 
1.375404,0.054246 
1.553657,0.108371 
1.554221,0.220604 
1.375404,0.054246 
1.553657,0.108371 
1.554221,0.220604 
1.375404,0.054246 
1.553657,0.108371 
1.554221,0.220604 
1.375404,0.054246 
1.553657,0.108371 
1.554221,0.220604 
1.375404,0.054246 
1.553657,0.108371 
1.554221,0.220604 
1.375404,0.054246 
1.553657,0.108371 
1.554221,0.220604 
1.375404,0.054246 
1.553657,0.108371 
1.554221,0.220604 
1.375404,0.054246 
1.553657,0.108371 
1.554221,0.220604 
1.375404,0.054246 
1.553657,0.108371 
1.554221,0.220604 
1.375404,0.054246 
1.553657,0.108371 
1.554221,0.220604 
1.375404,0.054246 
1.553657,0.108371 
1.554221,0.220604 
1.375404,0.054246 
1.553657,0.108371 
1.554221,0.220604 
1.375404,0.054246 
1.553657,0.108371 
1.554221,0.220604 
1.375404,0.054246 
1.553657,0.108371 
1.554221,0.220604 
1.375404,0.054246 
1.553657,0.108371 
1.554221,0.220604 
1.375404,0.054246 
1.553657,0.108371 
1.658692,0.221102 
1.447329,0.188123 
1.661024,0.114794 
1.606457,0.219444 
1.411366,0.113325 
1.607341,0.107201 
1.606457,0.219444 
1.411366,0.113325 
1.607341,0.107201 
1.606457,0.219444 
1.411366,0.113325 
1.607341,0.107201 
1.606457,0.219444 
1.411366,0.113325 
1.607341,0.107201 
1.606457,0.219444 
1.411366,0.113325 
1.607341,0.107201 
1.606457,0.219444 
1.411366,0.113325 
1.607341,0.107201 
1.606457,0.219444 
1.411366,0.113325 
1.607341,0.107201 
1.606457,0.219444 
1.411366,0.113326 
1.607341,0.107201 
1.606457,0.219444 
1.411366,0.113325 
1.607341,0.107201 
1.606457,0.219444 
1.411366,0.113325 
1.607341,0.107201 
1.606457,0.219444 
1.411366,0.113326 
1.607341,0.107201 
1.606457,0.219444 
1.411366,0.113325 
1.607341,0.107201 
1.606457,0.219444 
1.411366,0.113325 
1.607341,0.107201 
1.606457,0.219444 
1.411366,0.113325 
1.607341,0.107201 
1.606457,0.219444 
1.411366,0.113325 
1.607341,0.107201 
1.606457,0.219444 
1.411366,0.113325 
1.607341,0.107201 
1.606457,0.219444 
1.411366,0.113325 
1.607341,0.107201 
1.606457,0.219444 
1.411366,0.113325 
1.607341,0.107201 
1.606457,0.219444 
1.411366,0.113325 
1.607341,0.107201 
1.606457,0.219444 
1.411366,0.113325 
1.607341,0.107201 
1.606457,0.219444 
1.411366,0.113325 
1.607341,0.107201 
1.606457,0.219444 
1.411366,0.113325 
1.607341,0.107201 
1.606457,0.219444 
1.411366,0.113325 
1.607341,0.107201 
1.606457,0.219444 
1.411366,0.113325 
1.607341,0.107201 
1.606457,0.219444 
1.411366,0.113325 
1.607341,0.107201 
1.606457,0.219444 
1.411366,0.113325 
1.607341,0.107201 
1.606457,0.219444 
1.411366,0.113325 
1.607341,0.107201 
1.606457,0.219444 
1.411366,0.113325 
1.607341,0.107201 
1.606457,0.219444 
1.411366,0.113325 
1.607341,0.107201 
1.606457,0.219444 
1.411366,0.113325 
1.607341,0.107201 
1.606457,0.219444 
1.411366,0.113325 
1.607341,0.107201 
1.606457,0.219444 
1.411366,0.113325 
1.607341,0.107201 
1.606457,0.219444 
1.411366,0.113325 
1.607341,0.107201 
1.606457,0.219444 
1.411366,0.113325 
1.607341,0.107201 
1.606457,0.219444 
1.411366,0.113325 
1.607341,0.107201 
1.606457,0.219444 
1.411366,0.113325 
1.607341,0.107201 
1.606457,0.219444 
1.411366,0.113325 
1.607341,0.107201 
1.606457,0.219444 
1.411366,0.113325 
1.607341,0.107201 
1.606457,0.219444 
1.411366,0.113325 
1.607341,0.107201 
1.606457,0.219444 
1.411366,0.113325 
1.607341,0.107201 
1.606457,0.219444 
1.411366,0.113325 
1.607341,0.107201 
1.606457,0.219444 
1.411366,0.113325 
1.607341,0.107201 
1.606457,0.219444 
1.411366,0.113325 
1.607341,0.107201 
1.606457,0.219444 
1.411366,0.113325 
1.607341,0.107201 
1.606457,0.219444 
1.411366,0.113325 
1.607341,0.107201 
1.606457,0.219444 
1.411366,0.113325 
1.607341,0.107201 
1.606457,0.219444 
1.411366,0.113325 
1.607341,0.107201 
1.606457,0.219444 
1.411366,0.113325 
1.607341,0.107201 
1.606457,0.219444 
1.411366,0.113325 
1.607341,0.107201 
1.606457,0.219444 
1.411366,0.113325 
1.607341,0.107201 
1.606457,0.219444 
1.411366,0.113325 
1.607341,0.107201 
1.606457,0.219444 
1.411366,0.113325 
1.607341,0.107201 
1.606457,0.219444 
1.411366,0.113325 
1.607341,0.107201 
1.606457,0.219444 
1.411366,0.113325 
1.607341,0.107201 
1.606457,0.219444 
1.411366,0.113326 
1.607341,0.107201 
1.606457,0.219444 
1.411366,0.113325 
1.607341,0.107201 
1.606457,0.219444 
1.411366,0.113325 
1.607341,0.107201 
1.606457,0.219444 
1.411366,0.113326 
1.607341,0.107201 
1.606457,0.219444 
1.411366,0.113325 
1.607341,0.107201 
1.606457,0.219444 
1.411366,0.113325 
1.607341,0.107201 
1.606457,0.219444 
1.411366,0.113325 
1.607341,0.107201 
1.606457,0.219444 
1.411366,0.113325 
1.607341,0.107201 
1.606457,0.219444 
1.411366,0.113325 
1.607341,0.107201 
1.606457,0.219444 
1.411366,0.113325 
1.607341,0.107201 
1.606457,0.219444 
1.411366,0.113325 
1.607341,0.107201 
1.606457,0.219444 
1.411366,0.113325 
1.607341,0.107201 
1.606457,0.219444 
1.411366,0.113325 
1.607341,0.107201 
1.624518,0.200732 
1.486907,0.061640 
1.617844,0.129009 
1.624518,0.200732 
1.486907,0.061640 
1.617844,0.129009 
1.624518,0.200732 
1.486907,0.061640 
1.617844,0.129009 
1.624518,0.200732 
1.486907,0.061640 
1.617844,0.129009 
1.624518,0.200732 
1.486907,0.061640 
1.617844,0.129009 
1.624518,0.200732 
1.486907,0.061640 
1.617844,0.129009 
1.624518,0.200732 
1.486907,0.061640 
1.617844,0.129009 
1.624518,0.200732 
1.486907,0.061640 
1.617844,0.129009 
1.624518,0.200732 
1.486907,0.061640 
1.617844,0.129009 
1.624518,0.200732 
1.486907,0.061640 
1.617844,0.129009 
1.624518,0.200732 
1.486907,0.061640 
1.617844,0.129009 
1.624518,0.200732 
1.486907,0.061640 
1.617844,0.129009 
1.624518,0.200732 
1.486907,0.061640 
1.617844,0.129009 
1.624518,0.200732 
1.486907,0.061640 
1.617844,0.129009 
1.624518,0.200732 
1.486907,0.061640 
1.617844,0.129009 
1.624518,0.200732 
1.486907,0.061640 
1.617844,0.129009 
1.624518,0.200732 
1.486907,0.061640 
1.617844,0.129009 
1.624518,0.200732 
1.486907,0.061640 
1.617844,0.129009 
1.624518,0.200732 
1.486907,0.061640 
1.617844,0.129009 
1.624518,0.200732 
1.486907,0.061640 
1.617844,0.129009 
1.624518,0.200732 
1.486907,0.061640 
1.617844,0.129009 
1.624518,0.200732 
1.486907,0.061640 
1.617844,0.129009 
1.624518,0.200732 
1.486907,0.061640 
1.617844,0.129009 
1.624518,0.200732 
1.486907,0.061640 
1.617844,0.129009 
1.624518,0.200732 
1.486907,0.061640 
1.617844,0.129009 
1.624518,0.200732 
1.486907,0.061640 
1.617844,0.129009 
1.624518,0.200732 
1.486907,0.061640 
1.617844,0.129009 
1.624518,0.200732 
1.486907,0.061640 
1.617844,0.129009 
1.624518,0.200732 
1.486907,0.061640 
1.617844,0.129009 
1.624518,0.200732 
1.486907,0.061640 
1.617844,0.129009 
1.624518,0.200732 
1.486907,0.061640 
1.617844,0.129009 
1.624518,0.200732 
1.486907,0.061640 
1.617844,0.129009 
1.624518,0.200732 
1.486907,0.061640 
1.617844,0.129009 
1.624518,0.200732 
1.486907,0.061640 
1.617844,0.129009 
1.624518,0.200732 
1.486907,0.061640 
1.617844,0.129009 
1.624518,0.200732 
1.486907,0.061640 
1.617844,0.129009 
1.624518,0.200732 
1.486907,0.061640 
1.617844,0.129009 
1.624518,0.200732 
1.486907,0.061640 
1.617844,0.129009 
1.624518,0.200732 
1.486907,0.061640 
1.617844,0.129009 
1.624518,0.200732 
1.486907,0.061640 
1.617844,0.129009 
1.624518,0.200732 
1.486907,0.061640 
1.617844,0.129009 
1.624518,0.200732 
1.486907,0.061640 
1.617844,0.129009 
1.624518,0.200732 
1.486907,0.061640 
1.617844,0.129009 
1.624518,0.200732 
1.486907,0.061640 
1.617844,0.129009 
1.624518,0.200732 
1.486907,0.061640 
1.617844,0.129009 
1.624518,0.200732 
1.486907,0.061640 
1.617844,0.129009 
1.624518,0.200732 
1.486907,0.061640 
1.617844,0.129009 
1.624518,0.200732 
1.486907,0.061640 
1.617844,0.129009 
1.624518,0.200732 
1.486907,0.061640 
1.617844,0.129009 
1.624518,0.200732 
1.486907,0.061640 
1.617844,0.129009 
1.624518,0.200732 
1.486907,0.061640 
1.617844,0.129009 
1.624518,0.200732 
1.486907,0.061640 
1.617844,0.129009 
1.624518,0.200732 
1.486907,0.061640 
1.617844,0.129009 
1.624518,0.200732 
1.486907,0.061640 
1.617844,0.129009 
1.624518,0.200732 
1.486907,0.061640 
1.617844,0.129009 
1.624518,0.200732 
1.486907,0.061640 
1.617844,0.129009 
1.624518,0.200732 
1.486907,0.061640 
1.617844,0.129009 
1.624518,0.200732 
1.486907,0.061640 
1.617844,0.129009 
1.624518,0.200732 
1.486907,0.061640 
1.617844,0.129009 
1.624518,0.200732 
1.486907,0.061640 
1.617844,0.129009 
1.624518,0.200732 
1.486907,0.061640 
1.617844,0.129009 
1.624518,0.200732 
1.486907,0.061640 
1.617844,0.129009 
1.624518,0.200732 
1.486907,0.061640 
1.617844,0.129009 
1.624518,0.200732 
1.486907,0.061640 
1.617844,0.129009 
1.624518,0.200732 
1.486907,0.061640 
1.617844,0.129009 
1.624518,0.200732 
1.486907,0.061640 
1.617844,0.129009 
1.624518,0.200732 
1.486907,0.061640 
1.617844,0.129009 
1.514418,0.211525 
1.464386,0.101654 
1.509690,0.102075 
1.514418,0.211525 
1.464386,0.101654 
1.509690,0.102075 
1.514418,0.211525 
1.464386,0.101654 
1.509690,0.102075 
1.514418,0.211525 
1.464386,0.101654 
1.509690,0.102075 
1.514418,0.211525 
1.464386,0.101654 
1.509690,0.102075 
1.514418,0.211525 
1.464386,0.101654 
1.509690,0.102075 
1.514418,0.211525 
1.464386,0.101654 
1.509690,0.102075 
1.514418,0.211525 
1.464386,0.101654 
1.509690,0.102075 
1.514418,0.211525 
1.464386,0.101654 
1.509690,0.102075 
1.514418,0.211525 
1.464386,0.101654 
1.509690,0.102075 
1.514418,0.211525 
1.464386,0.101654 
1.509690,0.102075 
1.514418,0.211525 
1.464386,0.101654 
1.509690,0.102075 
1.514418,0.211525 
1.464386,0.101654 
1.509690,0.102075 
1.514418,0.211525 
1.464386,0.101654 
1.509690,0.102075 
1.514418,0.211525 
1.464386,0.101654 
1.509690,0.102075 
1.514418,0.211525 
1.464386,0.101654 
1.509690,0.102075 
1.514418,0.211525 
1.464386,0.101654 
1.509690,0.102075 
1.514418,0.211525 
1.464386,0.101654 
1.509690,0.102075 
1.514418,0.211525 
1.464386,0.101654 
1.509690,0.102075 
1.514418,0.211525 
1.464386,0.101654 
1.509690,0.102075 
1.514418,0.211525 
1.464386,0.101654 
1.509690,0.102075 
1.514418,0.211525 
1.464386,0.101654 
1.509690,0.102075 
1.514418,0.211525 
1.464386,0.101654 
1.509690,0.102075 
1.514418,0.211525 
1.464386,0.101654 
1.509690,0.102075 
1.514418,0.211525 
1.464386,0.101654 
1.509690,0.102075 
1.514418,0.211525 
1.464386,0.101654 
1.509690,0.102075 
1.514418,0.211525 
1.464386,0.101654 
1.509690,0.102075 
1.514418,0.211525 
1.464386,0.101654 
1.509690,0.102075 
1.514418,0.211525 
1.464386,0.101654 
1.509690,0.102075 
1.514418,0.211525 
1.464386,0.101654 
1.509690,0.102075 
1.514418,0.211525 
1.464386,0.101654 
1.509690,0.102075 
1.514418,0.211525 
1.464386,0.101654 
1.509690,0.102075 
1.514418,0.211525 
1.464386,0.101654 
1.509690,0.102075 
1.514418,0.211525 
1.464386,0.101654 
1.509690,0.102075 
1.514418,0.211525 
1.464386,0.101654 
1.509690,0.102075 
1.514418,0.211525 
1.464386,0.101654 
1.509690,0.102075 
1.514418,0.211525 
1.464386,0.101654 
1.509690,0.102075 
1.514418,0.211525 
1.464386,0.101654 
1.509690,0.102075 
1.514418,0.211525 
1.464386,0.101654 
1.509690,0.102075 
1.514418,0.211525 
1.464386,0.101654 
1.509690,0.102075 
1.514418,0.211525 
1.464386,0.101654 
1.509690,0.102075 
1.514418,0.211525 
1.464386,0.101654 
1.509690,0.102075 
1.514418,0.211525 
1.464386,0.101654 
1.509690,0.102075 
1.514418,0.211525 
1.464386,0.101654 
1.509690,0.102075 
1.514418,0.211525 
1.464386,0.101654 
1.509690,0.102075 
1.514418,0.211525 
1.464386,0.101654 
1.509690,0.102075 
1.514418,0.211525 
1.464386,0.101654 
1.509690,0.102075 
1.514418,0.211525 
1.464386,0.101654 
1.509690,0.102075 
1.514418,0.211525 
1.464386,0.101654 
1.509690,0.102075 
1.514418,0.211525 
1.464386,0.101654 
1.509690,0.102075 
1.514418,0.211525 
1.464386,0.101654 
1.509690,0.102075 
1.514418,0.211525 
1.464386,0.101654 
1.509690,0.102075 
1.514418,0.211525 
1.464386,0.101654 
1.509690,0.102075 
1.514418,0.211525 
1.464386,0.101654 
1.509690,0.102075 
1.514418,0.211525 
1.464386,0.101654 
1.509690,0.102075 
1.514418,0.211525 
1.464386,0.101654 
1.509690,0.102075 
1.514418,0.211525 
1.464386,0.101654 
1.509690,0.102075 
1.514418,0.211525 
1.464386,0.101654 
1.509690,0.102075 
1.514418,0.211525 
1.464386,0.101654 
1.509690,0.102075 
1.514418,0.211525 
1.464386,0.101654 
1.509690,0.102075 
1.514418,0.211525 
1.464386,0.101654 
1.509690,0.102075 
1.514418,0.211525 
1.464386,0.101654 
1.509690,0.102075 
1.514418,0.211525 
1.464386,0.101654 
1.509690,0.102075 
1.514418,0.211525 
1.464386,0.101654 
1.509690,0.102075 
1.514418,0.211525 
1.464386,0.101654 
1.509690,0.102075 
1.514418,0.211525 
1.464386,0.101654 
1.509690,0.102075 
1.514418,0.211525 
1.464386,0.101654 
1.509690,0.102075 
1.490147,0.216968 
1.460361,0.136385 
1.491863,0.064876 
1.490147,0.216968 
1.460361,0.136385 
1.491863,0.064876 
1.490147,0.216968 
1.460361,0.136385 
1.491863,0.064876 
1.490147,0.216968 
1.460361,0.136385 
1.491863,0.064876 
1.490147,0.216968 
1.460361,0.136385 
1.491863,0.064876 
1.490147,0.216968 
1.460361,0.136385 
1.491863,0.064876 
1.490147,0.216968 
1.460361,0.136385 
1.491863,0.064876 
1.490147,0.216968 
1.460361,0.136385 
1.491863,0.064876 
1.490147,0.216968 
1.460361,0.136385 
1.491863,0.064876 
1.490147,0.216968 
1.460361,0.136385 
1.491863,0.064876 
1.490147,0.216968 
1.460361,0.136385 
1.491863,0.064876 
1.490147,0.216968 
1.460361,0.136385 
1.491863,0.064876 
1.490147,0.216968 
1.460361,0.136385 
1.491863,0.064876 
1.490147,0.216968 
1.460361,0.136385 
1.491863,0.064876 
1.490147,0.216968 
1.460361,0.136385 
1.491863,0.064876 
1.490147,0.216968 
1.460361,0.136385 
1.491863,0.064876 
1.490147,0.216968 
1.460361,0.136385 
1.491863,0.064876 
1.490147,0.216968 
1.460361,0.136385 
1.491863,0.064876 
1.490147,0.216968 
1.460361,0.136385 
1.491863,0.064876 
1.490147,0.216968 
1.460361,0.136385 
1.491863,0.064876 
1.490147,0.216968 
1.460361,0.136385 
1.491863,0.064876 
1.490147,0.216968 
1.460361,0.136385 
1.491863,0.064876 
1.490147,0.216968 
1.460361,0.136385 
1.491863,0.064876 
1.490147,0.216968 
1.460361,0.136385 
1.491863,0.064876 
1.490147,0.216968 
1.460361,0.136385 
1.491863,0.064876 
1.490147,0.216968 
1.460361,0.136385 
1.491863,0.064876 
1.490147,0.216968 
1.460361,0.136385 
1.491863,0.064876 
1.490147,0.216968 
1.460361,0.136385 
1.491863,0.064876 
1.490147,0.216968 
1.460361,0.136385 
1.491863,0.064876 
1.490147,0.216968 
1.460361,0.136385 
1.491863,0.064876 
1.490147,0.216968 
1.460361,0.136385 
1.491863,0.064876 
1.490147,0.216968 
1.460361,0.136385 
1.491863,0.064876 
1.490147,0.216968 
1.460361,0.136385 
1.491863,0.064876 
1.490147,0.216968 
1.460361,0.136385 
1.491863,0.064876 
1.490147,0.216968 
1.460361,0.136385 
1.491863,0.064876 
1.490147,0.216968 
1.460361,0.136385 
1.491863,0.064876 
1.490147,0.216968 
1.460361,0.136385 
1.491863,0.064876 
1.490147,0.216968 
1.460361,0.136385 
1.491863,0.064876 
1.490147,0.216968 
1.460361,0.136385 
1.491863,0.064876 
1.490147,0.216968 
1.460361,0.136385 
1.491863,0.064876 
1.490147,0.216968 
1.460361,0.136385 
1.491863,0.064876 
1.490147,0.216968 
1.460361,0.136385 
1.491863,0.064876 
1.490147,0.216968 
1.460361,0.136385 
1.491863,0.064876 
1.490147,0.216968 
1.460361,0.136385 
1.491863,0.064876 
1.490147,0.216968 
1.460361,0.136385 
1.491863,0.064876 
1.490147,0.216968 
1.460361,0.136385 
1.491863,0.064876 
1.490147,0.216968 
1.460361,0.136385 
1.491863,0.064876 
1.490147,0.216968 
1.460361,0.136385 
1.491863,0.064876 
1.490147,0.216968 
1.460361,0.136385 
1.491863,0.064876 
1.490147,0.216968 
1.460361,0.136385 
1.491863,0.064876 
1.490147,0.216968 
1.460361,0.136385 
1.491863,0.064876 
1.490147,0.216968 
1.460361,0.136385 
1.491863,0.064876 
1.490147,0.216968 
1.460361,0.136385 
1.491863,0.064876 
1.490147,0.216968 
1.460361,0.136385 
1.491863,0.064876 
1.490147,0.216968 
1.460361,0.136385 
1.491863,0.064876 
1.490147,0.216968 
1.460361,0.136385 
1.491863,0.064876 
1.490147,0.216968 
1.460361,0.136385 
1.491863,0.064876 
1.490147,0.216968 
1.460361,0.136385 
1.491863,0.064876 
1.490147,0.216968 
1.460361,0.136385 
1.491863,0.064876 
1.490147,0.216968 
1.460361,0.136385 
1.491863,0.064876 
1.490147,0.216968 
1.460361,0.136385 
1.491863,0.064876 
1.490147,0.216968 
1.460361,0.136385 
1.491863,0.064876 
1.490147,0.216968 
1.460361,0.136385 
1.491863,0.064876 
1.490147,0.216968 
1.460361,0.136385 
1.491863,0.064876 
1.490147,0.216968 
1.460361,0.136385 
1.491863,0.064876 
1.490147,0.216968 
1.460361,0.136385 
1.491863,0.064876 
1.490147,0.216968 
1.460361,0.136385 
1.491863,0.064876 
1.517885,0.208929 
1.473024,0.150183 
1.516771,0.060618 
1.517885,0.208929 
1.473024,0.150183 
1.516771,0.060618 
1.517885,0.208929 
1.473024,0.150183 
1.516771,0.060618 
1.517885,0.208929 
1.473024,0.150183 
1.516771,0.060618 
1.517885,0.208929 
1.473024,0.150183 
1.516771,0.060618 
1.517885,0.208929 
1.473024,0.150183 
1.516771,0.060618 
1.517885,0.208929 
1.473024,0.150183 
1.516771,0.060618 
1.517885,0.208929 
1.473024,0.150183 
1.516771,0.060618 
1.517885,0.208929 
1.473024,0.150183 
1.516771,0.060618 
1.517885,0.208929 
1.473024,0.150183 
1.516771,0.060618 
1.517885,0.208929 
1.473024,0.150183 
1.516771,0.060618 
1.517885,0.208929 
1.473024,0.150183 
1.516771,0.060618 
1.517885,0.208929 
1.473024,0.150183 
1.516771,0.060618 
1.517885,0.208929 
1.473024,0.150183 
1.516771,0.060618 
1.517885,0.208929 
1.473024,0.150183 
1.516771,0.060618 
1.517885,0.208929 
1.473024,0.150183 
1.516771,0.060618 
1.517885,0.208929 
1.473024,0.150183 
1.516771,0.060618 
1.517885,0.208929 
1.473024,0.150183 
1.516771,0.060618 
1.517885,0.208929 
1.473024,0.150183 
1.516771,0.060618 
1.517885,0.208929 
1.473024,0.150183 
1.516771,0.060618 
1.517885,0.208929 
1.473024,0.150183 
1.516771,0.060618 
1.517885,0.208929 
1.473024,0.150183 
1.516771,0.060618 
1.517885,0.208929 
1.473024,0.150183 
1.516771,0.060618 
1.517885,0.208929 
1.473024,0.150183 
1.516771,0.060618 
1.517885,0.208929 
1.473024,0.150183 
1.516771,0.060618 
1.517885,0.208929 
1.473024,0.150183 
1.516771,0.060618 
1.517885,0.208929 
1.473024,0.150183 
1.516771,0.060618 
1.517885,0.208929 
1.473024,0.150183 
1.516771,0.060618 
1.517885,0.208929 
1.473024,0.150183 
1.516771,0.060618 
1.517885,0.208929 
1.473024,0.150183 
1.516771,0.060618 
1.517885,0.208929 
1.473024,0.150183 
1.516771,0.060618 
1.517885,0.208929 
1.473024,0.150183 
1.516771,0.060618 
1.517885,0.208929 
1.473024,0.150183 
1.516771,0.060618 
1.517885,0.208929 
1.473024,0.150183 
1.516771,0.060618 
1.517885,0.208929 
1.473024,0.150183 
1.516771,0.060618 
1.517885,0.208929 
1.473024,0.150183 
1.516771,0.060618 
1.517885,0.208929 
1.473024,0.150183 
1.516771,0.060618 
1.517885,0.208929 
1.473024,0.150183 
1.516771,0.060618 
1.517885,0.208929 
1.473024,0.150183 
1.516771,0.060618 
1.517885,0.208929 
1.473024,0.150183 
1.516771,0.060618 
1.517885,0.208929 
1.473024,0.150183 
1.516771,0.060618 
1.517885,0.208929 
1.473024,0.150183 
1.516771,0.060618 
1.517885,0.208929 
1.473024,0.150183 
1.516771,0.060618 
1.517885,0.208929 
1.473024,0.150183 
1.516771,0.060618 
1.517885,0.208929 
1.473024,0.150183 
1.516771,0.060618 
1.517885,0.208929 
1.473024,0.150183 
1.516771,0.060618 
1.517885,0.208929 
1.473024,0.150183 
1.516771,0.060618 
1.517885,0.208929 
1.473024,0.150183 
1.516771,0.060618 
1.517885,0.208929 
1.473024,0.150183 
1.516771,0.060618 
1.517885,0.208929 
1.473024,0.150183 
1.516771,0.060618 
1.517885,0.208929 
1.473024,0.150183 
1.516771,0.060618 
1.517885,0.208929 
1.473024,0.150183 
1.516771,0.060618 
1.517885,0.208929 
1.473024,0.150182 
1.516771,0.060618 
1.517885,0.208929 
1.473024,0.150183 
1.516771,0.060618 
1.517885,0.208929 
1.473024,0.150183 
1.516771,0.060618 
1.517885,0.208929 
1.473024,0.150183 
1.516771,0.060618 
1.517885,0.208929 
1.473024,0.150183 
1.516771,0.060618 
1.517885,0.208929 
1.473024,0.150183 
1.516771,0.060618 
1.517885,0.208929 
1.473024,0.150183 
1.516771,0.060618 
1.517885,0.208929 
1.473024,0.150183 
1.516771,0.060618 
1.517885,0.208929 
1.473024,0.150183 
1.516771,0.060618 
1.517885,0.208929 
1.473024,0.150183 
1.516771,0.060618 
1.517885,0.208929 
1.473024,0.150183 
1.516771,0.060618 
1.517885,0.208929 
1.473024,0.150183 
1.516771,0.060618 
1.517885,0.208929 
1.473024,0.150183 
1.516771,0.060618 
1.517885,0.208929 
1.473024,0.150183 
1.516771,0.060618 
1.517885,0.208929 
1.473024,0.150183 
1.516771,0.060618 
1.527082,0.213721 
1.487852,0.173826 
1.525164,0.042128 
1.527082,0.213721 
1.487852,0.173826 
1.525164,0.042128 
1.527082,0.213721 
1.487852,0.173826 
1.525164,0.042128 
1.527082,0.213721 
1.487852,0.173826 
1.525164,0.042128 
1.527082,0.213721 
1.487852,0.173826 
1.525164,0.042128 
1.527082,0.213721 
1.487852,0.173826 
1.525164,0.042128 
1.527082,0.213721 
1.487852,0.173826 
1.525164,0.042128 
1.527082,0.213721 
1.487852,0.173826 
1.525164,0.042128 
1.527082,0.213721 
1.487852,0.173826 
1.525164,0.042128 
1.527082,0.213721 
1.487852,0.173826 
1.525164,0.042128 
1.527082,0.213721 
1.487852,0.173826 
1.525164,0.042128 
1.527082,0.213721 
1.487852,0.173826 
1.525164,0.042128 
1.527082,0.213721 
1.487852,0.173826 
1.525164,0.042128 
1.527082,0.213721 
1.487852,0.173826 
1.525164,0.042128 
1.527082,0.213721 
1.487852,0.173826 
1.525164,0.042128 
1.527082,0.213721 
1.487852,0.173826 
1.525164,0.042128 
1.527082,0.213721 
1.487852,0.173826 
1.525164,0.042128 
1.527082,0.213721 
1.487852,0.173826 
1.525164,0.042128 
1.527082,0.213721 
1.487852,0.173826 
1.525164,0.042128 
1.527082,0.213721 
1.487852,0.173826 
1.525164,0.042128 
1.527082,0.213721 
1.487852,0.173826 
1.525164,0.042128 
1.527082,0.213721 
1.487852,0.173826 
1.525164,0.042128 
1.527082,0.213721 
1.487852,0.173826 
1.525164,0.042128 
1.527082,0.213721 
1.487852,0.173826 
1.525164,0.042128 
1.527082,0.213721 
1.487852,0.173826 
1.525164,0.042128 
1.527082,0.213721 
1.487852,0.173826 
1.525164,0.042128 
1.527082,0.213721 
1.487852,0.173826 
1.525164,0.042128 
1.527082,0.213721 
1.487852,0.173826 
1.525164,0.042128 
1.527082,0.213721 
1.487852,0.173826 
1.525164,0.042128 
1.527082,0.213721 
1.487852,0.173826 
1.525164,0.042128 
1.527082,0.213721 
1.487852,0.173826 
1.525164,0.042128 
1.527082,0.213721 
1.487852,0.173826 
1.525164,0.042128 
1.527082,0.213721 
1.487852,0.173826 
1.525164,0.042128 
1.527082,0.213721 
1.487852,0.173826 
1.525164,0.042128 
1.527082,0.213721 
1.487852,0.173826 
1.525164,0.042128 
1.527082,0.213721 
1.487852,0.173826 
1.525164,0.042128 
1.527082,0.213721 
1.487852,0.173826 
1.525164,0.042128 
1.527082,0.213721 
1.487852,0.173826 
1.525164,0.042128 
1.527082,0.213721 
1.487852,0.173826 
1.525164,0.042128 
1.527082,0.213721 
1.487852,0.173826 
1.525164,0.042128 
1.527082,0.213721 
1.487852,0.173826 
1.525164,0.042128 
1.527082,0.213721 
1.487852,0.173826 
1.525164,0.042128 
1.527082,0.213721 
1.487852,0.173826 
1.525164,0.042128 
1.527082,0.213721 
1.487852,0.173826 
1.525164,0.042128 
1.527082,0.213721 
1.487852,0.173826 
1.525164,0.042128 
1.527082,0.213721 
1.487852,0.173826 
1.525164,0.042128 
1.527082,0.213721 
1.487852,0.173826 
1.525164,0.042128 
1.527082,0.213721 
1.487852,0.173826 
1.525164,0.042128 
1.527082,0.213721 
1.487852,0.173826 
1.525164,0.042128 
1.527082,0.213721 
1.487852,0.173826 
1.525164,0.042128 
1.527082,0.213721 
1.487852,0.173826 
1.525164,0.042128 
1.527082,0.213721 
1.487852,0.173826 
1.525164,0.042128 
1.527082,0.213721 
1.487852,0.173826 
1.525164,0.042128 
1.527082,0.213721 
1.487852,0.173826 
1.525164,0.042128 
1.527082,0.213721 
1.487852,0.173826 
1.525164,0.042128 
1.527082,0.213721 
1.487852,0.173826 
1.525164,0.042128 
1.527082,0.213721 
1.487852,0.173826 
1.525164,0.042128 
1.527082,0.213721 
1.487852,0.173826 
1.525164,0.042128 
1.527082,0.213721 
1.487852,0.173826 
1.525164,0.042128 
1.527082,0.213721 
1.487852,0.173826 
1.525164,0.042128 
1.527082,0.213721 
1.487852,0.173826 
1.525164,0.042128 
1.527082,0.213721 
1.487852,0.173826 
1.525164,0.042128 
1.527082,0.213721 
1.487852,0.173826 
1.525164,0.042128 
1.527082,0.213721 
1.487852,0.173826 
1.525164,0.042128 
1.527082,0.213721 
1.487852,0.173826 
1.525164,0.042128 
1.527082,0.213721 
1.487852,0.173826 
1.525164,0.042128 
1.527082,0.213721 
1.487852,0.173826 
1.525164,0.042128 
1.507068,0.202903 
1.500229,0.226825 
1.505907,0.049679 
1.507068,0.202903 
1.500229,0.226825 
1.505907,0.049679 
1.507068,0.202903 
1.500229,0.226825 
1.505907,0.049679 
1.507068,0.202903 
1.500229,0.226825 
1.505907,0.049679 
1.507068,0.202903 
1.500229,0.226825 
1.505907,0.049679 
1.507068,0.202903 
1.500229,0.226825 
1.505907,0.049679 
1.507068,0.202903 
1.500229,0.226825 
1.505907,0.049679 
1.507068,0.202903 
1.500229,0.226825 
1.505907,0.049679 
1.507068,0.202903 
1.500229,0.226825 
1.505907,0.049679 
1.507068,0.202903 
1.500229,0.226825 
1.505907,0.049679 
1.507068,0.202903 
1.500229,0.226825 
1.505907,0.049679 
1.507068,0.202903 
1.500229,0.226825 
1.505907,0.049679 
1.507068,0.202903 
1.500229,0.226825 
1.505907,0.049679 
1.507068,0.202903 
1.500229,0.226825 
1.505907,0.049679 
1.507068,0.202903 
1.500229,0.226825 
1.505907,0.049679 
1.507068,0.202903 
1.500229,0.226825 
1.505907,0.049679 
1.507068,0.202903 
1.500229,0.226825 
1.505907,0.049679 
1.507068,0.202903 
1.500229,0.226825 
1.505907,0.049679 
1.507068,0.202903 
1.500229,0.226825 
1.505907,0.049679 
1.507068,0.202903 
1.500229,0.226825 
1.505907,0.049679 
1.507068,0.202903 
1.500229,0.226825 
1.505907,0.049679 
1.507068,0.202903 
1.500229,0.226825 
1.505907,0.049679 
1.507068,0.202903 
1.500229,0.226825 
1.505907,0.049679 
1.507068,0.202903 
1.500229,0.226825 
1.505907,0.049679 
1.507068,0.202903 
1.500229,0.226825 
1.505907,0.049679 
1.507068,0.202903 
1.500229,0.226825 
1.505907,0.049679 
1.507068,0.202903 
1.500229,0.226825 
1.505907,0.049679 
1.507068,0.202903 
1.500229,0.226825 
1.505907,0.049679 
1.507068,0.202903 
1.500229,0.226825 
1.505907,0.049679 
1.507068,0.202903 
1.500229,0.226825 
1.505907,0.049679 
1.507068,0.202903 
1.500229,0.226825 
1.505907,0.049679 
1.507068,0.202903 
1.500229,0.226825 
1.505907,0.049679 
1.507068,0.202903 
1.500229,0.226825 
1.505907,0.049679 
1.507068,0.202903 
1.500229,0.226825 
1.505907,0.049679 
1.507068,0.202903 
1.500229,0.226825 
1.505907,0.049679 
1.507068,0.202903 
1.500229,0.226825 
1.505907,0.049679 
1.507068,0.202903 
1.500229,0.226825 
1.505907,0.049679 
1.507068,0.202903 
1.500229,0.226825 
1.505907,0.049679 
1.507068,0.202903 
1.500229,0.226825 
1.505907,0.049679 
1.507068,0.202903 
1.500229,0.226825 
1.505907,0.049679 
1.507068,0.202903 
1.500229,0.226825 
1.505907,0.049679 
1.507068,0.202903 
1.500229,0.226825 
1.505907,0.049679 
1.507068,0.202903 
1.500229,0.226825 
1.505907,0.049679 
1.507068,0.202903 
1.500229,0.226825 
1.505907,0.049679 
1.507068,0.202903 
1.500229,0.226825 
1.505907,0.049679 
1.507068,0.202903 
1.500229,0.226825 
1.505907,0.049679 
1.507068,0.202903 
1.500229,0.226825 
1.505907,0.049679 
1.507068,0.202903 
1.500229,0.226825 
1.505907,0.049679 
1.507068,0.202903 
1.500229,0.226825 
1.505907,0.049679 
1.507068,0.202903 
1.500229,0.226825 
1.505907,0.049679 
1.507068,0.202903 
1.500229,0.226825 
1.505907,0.049679 
1.507068,0.202903 
1.500229,0.226825 
1.505907,0.049679 
1.507068,0.202903 
1.500229,0.226825 
1.505907,0.049679 
1.507068,0.202903 
1.500229,0.226825 
1.505907,0.049679 
1.507068,0.202903 
1.500229,0.226825 
1.505907,0.049679 
1.507068,0.202903 
1.500229,0.226825 
1.505907,0.049679 
1.507068,0.202903 
1.500229,0.226825 
1.505907,0.049679 
1.507068,0.202903 
1.500229,0.226825 
1.505907,0.049679 
1.507068,0.202903 
1.500229,0.226825 
1.505907,0.049679 
1.507068,0.202903 
1.500229,0.226825 
1.505907,0.049679 
1.507068,0.202903 
1.500229,0.226825 
1.505907,0.049679 
1.507068,0.202903 
1.500229,0.226825 
1.505907,0.049679 
1.507068,0.202903 
1.500229,0.226825 
1.505907,0.049679 
1.507068,0.202903 
1.500229,0.226825 
1.505907,0.049679 
1.507068,0.202903 
1.500229,0.226825 
1.505907,0.049679 
1.507068,0.202903 
1.500229,0.226825 
1.505907,0.049679 
1.507068,0.202903 
1.500229,0.226825 
1.505907,0.049679 
1.500062,0.198113 
1.502584,0.254084 
1.500055,0.063092 
1.500062,0.198113 
1.502584,0.254084 
1.500055,0.063092 
1.500062,0.198113 
1.502584,0.254084 
1.500055,0.063092 
1.500062,0.198113 
1.502584,0.254084 
1.500055,0.063092 
1.500062,0.198113 
1.502584,0.254084 
1.500055,0.063092 
1.500062,0.198113 
1.502584,0.254084 
1.500055,0.063092 
1.500062,0.198113 
1.502584,0.254084 
1.500055,0.063092 
1.500062,0.198113 
1.502584,0.254084 
1.500055,0.063092 
1.500062,0.198113 
1.502584,0.254084 
1.500055,0.063092 
1.500062,0.198113 
1.502584,0.254084 
1.500055,0.063092 
1.500062,0.198113 
1.502584,0.254084 
1.500055,0.063092 
1.500062,0.198113 
1.502584,0.254084 
1.500055,0.063092 
1.500062,0.198113 
1.502584,0.254084 
1.500055,0.063092 
1.500062,0.198113 
1.502584,0.254084 
1.500055,0.063092 
1.500062,0.198113 
1.502584,0.254084 
1.500055,0.063092 
1.500062,0.198113 
1.502584,0.254084 
1.500055,0.063092 
1.500062,0.198113 
1.502584,0.254084 
1.500055,0.063092 
1.500062,0.198113 
1.502584,0.254084 
1.500055,0.063092 
1.500062,0.198113 
1.502584,0.254084 
1.500055,0.063092 
1.500062,0.198113 
1.502584,0.254084 
1.500055,0.063092 
1.500062,0.198113 
1.502584,0.254084 
1.500055,0.063092 
1.500062,0.198113 
1.502584,0.254084 
1.500055,0.063092 
1.500062,0.198113 
1.502584,0.254084 
1.500055,0.063092 
1.500062,0.198113 
1.502584,0.254084 
1.500055,0.063092 
1.500062,0.198113 
1.502584,0.254084 
1.500055,0.063092 
1.500062,0.198113 
1.502584,0.254084 
1.500055,0.063092 
1.500062,0.198113 
1.502584,0.254084 
1.500055,0.063092 
1.500062,0.198113 
1.502584,0.254084 
1.500055,0.063092 
1.500062,0.198113 
1.502584,0.254084 
1.500055,0.063092 
1.500062,0.198113 
1.502584,0.254084 
1.500055,0.063092 
1.500062,0.198113 
1.502584,0.254084 
1.500055,0.063092 
1.500062,0.198113 
1.502584,0.254084 
1.500055,0.063092 
1.500062,0.198113 
1.502584,0.254084 
1.500055,0.063092 
1.500062,0.198113 
1.502584,0.254084 
1.500055,0.063092 
1.500062,0.198113 
1.502584,0.254084 
1.500055,0.063092 
1.500062,0.198113 
1.502584,0.254084 
1.500055,0.063092 
1.500062,0.198113 
1.502584,0.254084 
1.500055,0.063092 
1.500062,0.198113 
1.502584,0.254084 
1.500055,0.063092 
1.500062,0.198113 
1.502584,0.254084 
1.500055,0.063092 
1.500062,0.198113 
1.502584,0.254084 
1.500055,0.063092 
1.500062,0.198113 
1.502584,0.254084 
1.500055,0.063092 
1.500062,0.198113 
1.502584,0.254084 
1.500055,0.063092 
1.500062,0.198113 
1.502584,0.254084 
1.500055,0.063092 
1.500062,0.198113 
1.502584,0.254084 
1.500055,0.063092 
1.500062,0.198113 
1.502584,0.254084 
1.500055,0.063092 
1.500062,0.198113 
1.502584,0.254084 
1.500055,0.063092 
1.500062,0.198113 
1.502584,0.254084 
1.500055,0.063092 
1.500062,0.198113 
1.502584,0.254084 
1.500055,0.063092 
1.500062,0.198113 
1.502584,0.254084 
1.500055,0.063092 
1.500062,0.198113 
1.502584,0.254084 
1.500055,0.063092 
1.500062,0.198113 
1.502584,0.254084 
1.500055,0.063092 
1.500062,0.198113 
1.502584,0.254084 
1.500055,0.063092 
1.500062,0.198113 
1.502584,0.254084 
1.500055,0.063092 
1.500062,0.198113 
1.502584,0.254084 
1.500055,0.063092 
1.500062,0.198113 
1.502584,0.254084 
1.500055,0.063092 
1.500062,0.198113 
1.502584,0.254084 
1.500055,0.063092 
1.500062,0.198113 
1.502584,0.254084 
1.500055,0.063092 
1.500062,0.198113 
1.502584,0.254084 
1.500055,0.063092 
1.500062,0.198113 
1.502584,0.254084 
1.500055,0.063092 
1.500062,0.198113 
1.502584,0.254084 
1.500055,0.063092 
1.500062,0.198113 
1.502584,0.254084 
1.500055,0.063092 
1.500062,0.198113 
1.502584,0.254084 
1.500055,0.063092 
1.500062,0.198113 
1.502584,0.254084 
1.500055,0.063092 
1.500062,0.198113 
1.502584,0.254084 
1.500055,0.063092 
1.500062,0.198113 
1.502584,0.254084 
1.500055,0.063092 
1.500062,0.198113 
1.502584,0.254084 
1.500055,0.063092 
1.500062,0.198113 
1.502584,0.254084 
1.500055,0.063092 
1.506274,0.198428 
1.505810,0.261144 
1.506393,0.068097 
